43
41
86
48
19
36
30
30
66
48
2
42
74
43
63
7
78
74
4
60
3
61
55
37
22
52
36
22
71
52
75
98
52
1
47
86
97
69
45
43
43
59
81
68
51
83
2
56
20
43
47
2
13
52
67
75
42
90
21
14
49
32
24
75
36
4
16
29
34
47
13
17
60
43
47
98
25
23
60
39
57
22
14
21
58
26
64
52
65
24
71
46
21
37
46
3
48
46
24
37
96
42
45
68
87
55
62
37
30
3
25
18
97
71
25
89
9
70
35
34
15
15
26
1
81
83
92
65
48
29
70
91
2
69
67
26
8
91
61
90
66
72
59
10
34
48
59
69
86
88
77
87
35
99
98
74
31
58
92
80
86
40
76
90
98
54
33
44
71
88
36
73
47
9
51
32
37
64
84
74
87
25
61
62
23
67
45
98
47
88
40
16
25
82
26
76
36
37
89
98
79
28
80
80
75
14
90
81
9
2
51
18
7
41
91
66
40
84
95
4
82
30
90
96
64
97
89
11
67
66
64
44
82
59
53
96
80
18
20
16
67
94
70
82
26
92
16
58
65
35
63
39
33
83
13
41
88
88
93
32
96
4
27
77
77
5
26
92
10
53
35
49
40
40
93
21
81
69
8
59
25
7
60
44
6
97
7
95
17
36
57
95
85
19
34
78
97
65
56
12
14
26
99
69
67
92
38
93
100
36
78
84
64
30
22
71
21
31
22
36
10
35
69
71
61
98
62
65
65
92
43
82
30
97
30
82
71
87
42
29
58
46
96
30
84
62
25
78
91
62
42
56
36
5
99
74
15
39
68
15
52
16
1
88
66
42
17
15
99
99
51
74
29
72
44
83
77
15
81
34
92
26
30
89
26
73
64
85
36
48
90
36
20
58
63
64
35
93
51
58
72
28
94
53
2
68
55
54
2
67
62
58
75
25
80
9
71
2
21
97
54
57
76
17
39
31
39
85
13
18
17
34
13
2
61
20
80
99
34
70
96
92
70
85
13
79
95
86
12
47
31
95
75
28
14
55
48
57
6
34
36
10
14
31
49
9
81
17
3
84
90
14
99
29
53
90
25
94
84
1
22
6
64
100
69
66
53
20
6
50
31
21
22
97
53
56
71
36
38
1
20
52
62
73
15
23
67
75
81
48
75
68
63
97
2
6
85
65
71
23
72
85
32
2
13
89
6
44
22
96
69
39
35
30
64
45
30
49
26
59
28
67
92
38
78
88
67
61
43
43
95
55
58
89
26
81
52
40
8
88
100
20
55
76
41
68
1
66
62
65
80
57
79
37
87
63
44
34
77
72
49
43
65
9
43
67
72
95
96
21
16
30
25
34
10
85
55
78
93
57
8
61
67
88
92
100
5
56
43
66
88
86
11
10
57
90
77
14
30
60
4
44
5
32
43
75
6
90
63
75
71
64
49
73
92
68
69
25
83
34
57
92
90
56
60
94
15
51
61
59
88
55
70
81
8
88
6
33
96
6
25
75
97
52
61
59
47
55
56
57
20
67
75
51
18
51
12
67
12
87
17
43
83
68
77
79
59
44
12
10
93
28
32
38
36
93
37
71
25
95
54
9
50
91
83
2
32
43
12
100
2
14
25
1
98
45
55
45
29
62
42
80
28
31
28
70
3
71
34
77
48
9
5
43
3
89
67
9
12
55
63
25
53
99
49
29
36
86
4
46
63
43
37
60
5
26
41
87
70
10
75
99
35
60
22
1
61
52
96
2
84
97
3
34
95
95
42
66
68
44
31
70
25
76
85
58
17
24
98
76
40
60
12
10
57
77
30
22
49
10
26
31
57
50
97
89
2
53
15
56
17
14
58
29
42
16
76
18
80
58
32
65
64
61
77
29
31
32
17
46
44
99
39
37
58
93
34
24
25
21
99
22
49
78
75
6
94
45
56
79
79
84
97
54
56
31
59
23
10
69
70
82
87
47
36
27
87
92
26
49
33
51
88
23
43
9
68
36
52
23
37
63
72
56
10
7
100
87
98
14
22
91
26
95
65
12
66
7
74
16
9
13
66
6
88
39
62
36
100
50
8
83
49
16
40
54
85
63
27
59
72
78
5
13
8
78
23
82
88
90
69
56
98
4
67
29
45
46
31
24
96
88
18
37
90
56
12
85
48
82
6
82
91
71
44
20
21
86
26
20
50
9
71
97
41
86
67
45
97
77
90
59
99
37
78
25
97
8
68
58
99
76
57
56
16
89
97
71
8
50
73
66
92
43
75
63
2
8
61
17
