66
83
24
3
37
43
23
81
86
43
88
76
44
77
80
73
8
22
60
62
75
38
94
97
20
65
71
30
40
93
32
64
38
34
54
22
39
22
39
7
40
69
65
72
100
93
100
33
78
73
28
8
51
7
69
60
9
66
44
87
41
57
78
88
26
87
11
61
99
24
36
51
55
53
35
99
80
83
48
51
54
81
32
24
37
76
66
32
47
89
39
14
16
46
40
75
36
56
9
10
9
26
88
22
11
60
3
83
28
84
49
85
19
84
13
95
39
91
37
91
79
85
42
87
96
32
10
49
28
81
44
38
18
30
39
93
84
84
92
80
73
5
30
42
42
22
50
96
41
72
21
74
32
84
22
23
3
64
64
22
93
16
38
89
36
57
17
54
68
6
7
49
30
6
35
45
61
82
71
52
81
96
8
84
60
16
84
89
26
28
71
55
100
15
79
76
99
25
2
8
43
5
63
10
65
2
60
12
98
41
41
84
69
21
42
4
37
13
51
13
76
45
44
9
36
60
50
55
82
64
70
84
78
96
91
45
72
63
51
89
96
59
11
50
92
97
32
11
70
26
51
58
54
78
18
72
51
37
62
31
87
16
49
2
32
26
82
45
72
95
15
36
93
22
61
16
65
41
38
86
55
87
12
23
23
12
38
35
16
70
58
35
28
48
63
57
13
89
9
10
53
34
91
7
43
49
23
78
83
32
9
22
64
68
3
60
4
95
86
97
86
22
40
65
50
27
3
8
82
18
70
83
28
63
4
11
18
33
40
17
28
25
21
11
92
78
1
10
75
60
41
11
23
39
12
78
88
18
71
90
70
4
64
64
54
22
53
39
26
84
29
73
23
41
43
61
59
72
73
58
35
12
92
64
68
12
88
44
100
14
30
7
15
91
34
88
81
60
1
68
20
11
30
69
20
87
24
88
96
48
36
5
16
81
64
97
36
48
7
47
18
19
100
47
18
21
59
13
96
68
81
16
65
93
62
26
28
45
35
85
12
52
99
42
84
39
92
1
48
98
52
62
9
26
63
97
55
65
30
10
5
14
95
21
68
48
25
69
40
26
25
87
50
69
66
14
88
43
45
20
98
10
60
55
10
99
14
68
3
49
20
64
16
85
35
37
35
75
22
84
32
48
39
46
88
76
98
36
26
32
24
27
45
24
50
67
27
83
40
100
28
19
25
72
34
42
93
74
2
82
71
6
97
71
54
67
83
43
70
52
61
79
91
41
71
26
42
74
54
53
61
71
18
38
81
23
15
19
72
35
9
46
85
85
87
77
31
65
1
87
44
21
64
37
24
15
63
26
60
54
87
96
12
40
75
96
80
22
73
75
51
29
35
66
27
100
59
6
89
50
50
70
94
21
79
86
24
31
85
35
28
27
60
16
42
12
23
2
31
39
96
27
35
88
56
44
85
54
45
4
22
15
86
86
68
55
30
4
16
38
46
66
96
83
8
40
50
96
47
44
15
82
16
17
32
21
99
83
21
65
92
81
53
69
35
90
1
67
77
32
89
31
99
34
7
34
23
32
85
92
66
17
2
67
97
92
75
37
91
18
97
22
29
6
19
90
20
48
26
59
79
87
12
73
29
85
35
64
89
30
47
26
35
63
36
24
57
19
46
10
63
61
25
59
16
24
19
27
88
17
31
77
60
31
40
28
88
17
76
55
12
50
43
50
7
61
10
27
76
64
97
27
25
58
32
14
25
62
37
38
99
54
44
16
62
52
64
100
39
32
81
74
95
25
89
46
44
97
39
67
14
97
41
23
23
98
94
39
58
53
68
11
42
13
99
85
50
57
89
39
100
72
72
22
4
80
24
60
73
4
47
18
28
74
72
96
63
1
9
66
39
35
82
54
26
91
35
66
84
74
86
33
60
90
55
31
51
57
14
42
78
38
53
9
1
64
77
59
48
16
62
70
79
94
99
70
83
38
66
73
67
17
85
12
60
66
97
29
63
73
9
46
3
63
2
96
100
78
88
91
44
6
71
7
100
68
17
32
7
8
13
38
15
17
16
32
16
15
17
30
16
7
70
9
3
94
15
95
94
92
13
31
15
85
28
2
98
20
69
24
59
30
37
18
53
48
58
3
92
77
26
93
34
98
3
3
65
24
28
14
4
69
29
60
38
32
3
19
19
5
10
25
56
41
27
82
60
49
57
49
54
16
80
67
41
59
56
98
28
57
50
38
76
81
82
34
39
14
27
70
27
92
17
76
41
27
50
63
42
44
42
30
4
99
32
32
54
91
4
7
