60
69
65
79
81
87
83
42
57
36
34
26
65
51
97
28
54
36
20
69
73
42
10
40
48
15
39
46
65
15
68
29
79
84
91
73
51
54
86
34
88
68
57
37
76
54
86
85
66
79
34
30
62
53
66
32
40
69
80
82
64
66
15
100
3
1
12
85
33
95
50
68
81
40
30
11
96
13
17
49
59
15
28
13
72
75
33
67
95
70
50
97
83
92
70
59
94
44
68
43
43
40
8
56
68
66
43
68
90
66
94
96
5
74
29
62
74
60
8
1
53
13
16
90
54
98
53
94
31
56
9
22
49
49
6
1
48
3
2
95
71
66
70
88
38
73
14
21
76
82
30
36
33
30
26
56
4
51
55
35
62
59
36
100
61
95
13
43
80
43
54
6
70
26
83
63
52
77
82
25
24
31
61
56
73
66
33
45
96
90
53
80
64
99
96
18
47
77
39
35
82
7
1
67
66
49
22
38
75
81
84
1
1
80
86
91
79
79
100
15
8
41
21
16
47
36
40
65
78
80
18
61
53
46
94
20
66
92
25
13
87
92
67
78
51
31
54
96
5
36
61
40
43
36
73
91
20
45
80
28
37
69
18
38
63
80
15
82
1
44
45
57
81
61
65
75
82
48
90
92
10
32
10
87
60
80
54
1
99
77
29
18
8
98
53
95
74
50
30
48
84
17
43
8
40
100
78
92
1
83
90
54
63
44
48
53
36
67
91
58
46
80
59
18
62
4
40
43
24
47
52
46
40
25
28
5
38
33
34
79
32
30
47
74
31
60
42
80
9
37
49
16
33
66
89
14
91
76
68
68
27
67
80
91
77
44
66
29
75
83
78
31
99
4
10
70
33
74
90
70
17
54
94
51
18
40
49
61
59
25
4
43
1
82
67
1
86
64
40
69
74
77
76
71
19
81
25
90
29
20
42
41
4
64
64
10
86
11
11
28
13
30
48
95
64
71
95
42
36
27
94
9
7
17
97
46
96
41
75
95
42
100
14
81
32
88
51
67
62
50
78
93
73
88
48
56
14
54
40
58
17
12
32
52
80
15
22
41
69
20
41
91
91
57
70
44
66
59
85
83
85
71
59
33
47
55
91
77
6
70
97
49
48
44
93
23
5
94
76
85
22
67
95
2
52
89
55
90
14
24
22
18
84
22
31
2
81
20
28
26
99
32
2
46
69
20
44
80
51
93
43
82
78
34
1
80
4
63
69
93
96
91
62
3
63
11
78
55
1
42
98
55
10
81
34
91
57
80
85
30
89
8
67
95
22
70
56
91
43
44
79
73
12
73
61
72
88
69
27
28
15
16
59
77
27
74
44
85
21
81
25
59
43
47
98
16
61
8
84
2
10
78
44
85
45
85
90
64
12
3
19
82
22
38
70
32
20
50
57
19
27
63
37
74
85
61
17
86
77
44
46
66
55
30
23
93
55
74
55
1
62
26
97
14
66
57
90
57
2
70
41
4
100
68
86
24
64
70
23
20
29
86
73
82
27
50
12
66
75
100
68
88
47
90
93
54
44
9
74
30
93
17
92
17
1
45
45
2
98
17
96
11
61
26
17
95
40
37
97
63
47
40
38
76
84
42
88
33
55
55
49
12
42
23
39
69
17
30
12
75
89
44
3
99
20
68
69
58
23
1
55
68
4
100
96
57
33
77
30
94
62
43
17
61
29
51
69
31
94
83
87
90
35
81
71
47
78
56
33
67
42
90
94
51
76
99
94
13
3
4
83
60
73
98
46
37
10
20
42
17
70
71
4
82
48
39
100
7
67
56
91
52
90
60
90
64
30
68
37
61
4
59
70
23
58
53
1
73
27
88
87
10
97
23
76
90
43
90
71
19
44
78
58
97
59
40
5
84
89
51
60
14
3
100
86
50
82
29
59
39
93
58
53
43
27
82
79
24
19
71
16
2
7
87
33
25
31
99
35
18
91
81
89
86
52
8
20
89
90
39
44
22
100
34
96
98
23
93
91
35
79
92
9
90
1
14
52
8
2
35
39
83
7
64
78
48
19
15
84
50
43
77
33
88
89
16
6
45
9
13
90
73
30
35
5
85
34
31
10
19
98
5
49
35
30
19
57
100
65
67
41
7
40
65
2
28
61
35
23
54
98
12
41
68
13
36
62
59
1
78
59
100
85
68
6
68
42
65
30
37
64
73
25
63
47
79
17
67
80
93
52
83
85
27
53
99
9
43
20
80
8
54
73
7
36
82
97
82
76
39
59
97
31
40
11
70
18
100
21
12
