27
83
74
81
76
93
74
36
73
70
76
61
50
36
77
22
19
54
27
54
6
52
98
91
22
55
12
55
50
54
30
88
77
39
10
52
92
88
67
69
91
96
13
52
15
96
90
8
56
8
90
45
80
34
38
41
12
23
96
97
85
64
70
27
39
61
91
97
14
45
92
42
23
54
77
35
44
84
46
95
16
24
8
35
75
67
71
48
72
63
30
74
51
68
37
72
38
78
35
9
39
31
54
8
57
97
64
49
65
3
82
21
53
38
57
4
95
64
89
99
92
62
95
53
100
13
80
11
61
70
4
22
92
25
71
76
45
94
25
82
51
91
9
61
16
22
66
97
100
8
28
34
62
54
21
94
87
23
55
54
68
32
12
81
76
24
83
83
78
80
11
3
87
92
89
91
89
19
66
23
86
55
1
47
5
40
97
58
63
76
54
7
71
59
2
84
83
46
2
38
37
23
1
49
72
26
91
30
29
33
24
49
64
4
45
55
56
74
62
20
23
54
63
69
63
86
74
40
26
91
28
21
63
27
32
84
83
100
77
70
43
57
75
24
49
70
85
44
64
74
74
64
44
32
13
93
92
97
84
19
52
95
89
1
4
91
63
13
59
20
27
40
60
50
65
65
100
65
46
62
16
68
13
47
40
41
35
10
92
69
71
50
51
94
20
85
16
81
25
80
48
44
84
77
82
5
16
81
59
71
91
3
98
39
85
100
70
31
46
61
78
100
65
72
39
6
3
70
98
100
56
13
27
66
79
6
54
62
96
18
16
60
77
20
92
82
44
82
63
84
94
18
9
59
82
54
14
77
84
79
75
73
90
10
56
98
87
20
42
9
11
48
31
68
85
47
1
44
95
39
38
60
26
80
90
92
77
45
88
1
1
19
95
69
80
12
34
70
90
18
6
28
50
40
59
45
64
7
4
51
12
93
37
80
66
99
2
37
2
38
97
94
39
7
32
20
51
49
58
53
14
18
15
83
99
38
47
45
26
32
83
22
87
19
66
98
62
30
81
6
66
10
46
82
46
88
12
48
86
8
37
100
69
8
60
87
12
19
20
19
28
47
79
93
86
93
71
40
20
45
42
51
89
1
50
22
12
76
14
7
18
16
18
28
27
79
18
51
93
87
40
84
16
73
91
32
95
2
16
17
54
88
30
77
90
82
12
6
92
75
42
34
73
89
82
44
68
2
84
11
70
8
82
4
18
16
39
80
60
17
12
81
78
77
14
72
46
70
58
47
77
8
74
67
64
22
81
26
76
23
29
46
87
60
11
65
23
75
38
72
82
13
18
69
75
78
69
71
37
30
48
11
23
46
89
43
19
62
49
52
28
47
69
29
70
61
28
31
22
94
100
96
66
69
75
5
75
18
57
13
37
26
68
90
4
62
100
85
54
90
66
64
69
20
68
51
13
82
59
65
62
98
56
45
10
60
9
65
31
75
68
15
40
41
74
99
70
25
18
16
4
68
15
16
41
88
32
71
94
75
23
20
4
20
26
45
93
66
77
40
43
35
12
100
86
3
20
64
22
53
21
97
51
67
75
94
12
5
73
23
19
98
54
92
11
11
58
45
96
59
40
52
39
41
10
36
38
58
83
89
98
54
7
58
20
69
73
87
93
81
92
81
6
94
12
51
53
4
72
1
51
24
34
50
41
80
7
17
71
27
75
79
40
51
78
94
2
94
19
64
72
29
61
62
6
53
92
53
38
24
72
62
93
26
81
82
93
24
55
1
55
22
89
68
37
85
23
81
19
13
96
16
32
68
84
88
93
24
40
9
44
5
91
23
68
27
36
95
53
29
12
64
37
40
2
92
93
33
63
77
70
67
53
72
47
30
53
28
41
37
57
92
43
58
100
27
12
3
47
57
65
90
93
29
47
43
51
11
14
75
32
30
24
57
1
95
41
62
20
93
24
79
50
91
1
3
35
84
36
10
74
98
23
81
47
4
84
70
81
49
85
49
48
18
18
82
99
26
35
28
85
85
36
79
6
63
69
67
1
61
58
30
78
84
75
93
17
58
83
88
82
57
75
72
56
49
23
11
100
14
38
68
64
4
60
41
72
97
83
43
38
84
30
59
85
45
99
82
99
73
42
91
9
16
60
66
50
60
74
32
50
37
9
21
67
54
35
60
54
68
62
79
12
20
61
50
64
41
30
71
83
89
22
15
59
5
13
51
98
78
85
10
49
6
83
92
78
58
46
61
20
44
42
3
9
45
38
24
60
57
15
55
15
97
26
100
87
13
50
58
