50
82
61
49
89
53
100
82
9
8
26
25
73
71
45
29
86
65
52
99
7
49
70
50
76
59
33
57
70
79
100
44
13
70
38
48
43
94
93
5
12
52
43
97
41
76
83
66
93
48
90
12
17
35
86
80
26
6
10
49
3
75
13
60
48
1
19
99
84
83
64
93
2
7
11
61
76
50
4
97
31
22
83
35
51
30
2
75
35
56
40
19
10
28
93
63
95
4
8
82
87
38
75
44
99
75
64
43
72
34
74
28
74
52
18
86
22
40
85
37
62
48
59
97
5
82
73
68
25
32
49
95
15
93
29
56
87
83
84
33
80
38
62
54
75
61
32
10
3
23
58
53
55
64
46
31
31
44
11
56
37
4
48
89
27
73
36
93
23
63
36
75
72
16
39
11
45
87
94
23
24
20
81
46
21
67
80
7
91
42
22
41
61
39
89
20
25
25
74
90
47
24
2
21
66
10
68
98
15
98
37
96
85
98
48
56
34
44
38
7
20
79
100
69
12
87
3
9
43
40
41
42
52
69
44
35
60
11
72
88
18
35
58
52
18
26
38
92
70
61
32
50
64
6
34
80
41
61
48
52
40
1
36
49
28
89
62
48
44
84
31
30
66
10
16
36
26
63
7
28
60
28
45
81
78
100
48
12
58
33
77
88
84
59
27
9
88
68
44
44
55
42
25
95
40
45
20
86
22
80
35
95
5
54
62
80
52
90
71
8
16
95
94
96
28
38
39
87
74
2
12
9
6
6
5
96
46
17
14
35
64
92
85
4
56
15
44
82
6
67
38
32
6
46
91
25
20
9
33
27
3
16
19
98
44
62
21
99
37
65
19
54
78
31
8
76
100
38
37
32
23
40
14
57
45
97
17
51
9
37
5
20
85
17
48
93
39
52
12
69
6
90
85
82
81
3
20
96
99
55
54
51
69
2
20
37
67
20
18
35
55
56
47
46
3
47
2
62
49
32
57
47
15
23
96
81
69
88
11
91
2
75
82
71
33
70
34
86
88
21
13
40
33
64
32
39
11
15
77
51
89
57
100
23
31
98
45
94
18
54
26
94
46
14
42
3
20
30
16
3
46
92
30
21
46
88
95
3
93
61
87
31
17
67
64
87
54
69
87
18
64
72
27
54
58
44
2
19
53
81
30
4
71
20
43
27
32
13
80
3
57
58
58
74
57
32
43
22
99
82
59
7
50
39
40
39
64
46
76
90
10
44
8
25
55
36
98
81
54
74
26
1
73
10
10
42
7
95
47
30
6
78
67
6
92
76
95
40
76
58
83
28
19
82
8
40
89
76
32
19
93
44
70
23
92
39
45
18
50
14
45
100
33
90
29
98
60
27
71
92
56
55
60
61
30
87
57
33
83
1
70
42
36
28
15
97
84
67
3
47
89
79
3
82
55
58
24
74
39
50
55
65
55
76
85
72
4
1
79
48
65
5
43
57
91
11
14
51
21
33
44
64
24
55
58
2
64
89
10
37
18
15
99
23
7
13
92
31
47
77
53
81
49
63
27
49
28
81
88
18
74
96
43
100
53
14
20
70
51
57
82
19
18
31
26
88
69
45
97
7
60
69
9
21
18
27
65
73
93
12
37
100
37
82
19
7
30
27
97
79
40
93
63
96
86
41
48
16
49
77
2
26
5
77
51
37
74
2
90
23
23
33
14
98
35
56
12
22
100
73
67
39
28
1
31
49
92
78
7
87
73
78
12
46
11
77
56
72
72
54
4
33
78
53
49
33
11
10
59
33
28
91
89
98
78
48
90
50
78
73
35
61
90
47
81
60
61
83
88
9
3
3
60
54
71
98
37
46
43
61
4
41
47
91
28
34
38
33
99
52
99
13
59
85
58
66
7
36
24
68
13
31
88
43
38
55
57
18
46
76
13
56
15
34
56
82
91
41
47
19
77
46
86
51
44
42
89
82
72
24
29
76
10
86
79
48
9
41
9
57
6
59
14
43
21
19
51
83
61
92
50
95
47
82
100
77
69
75
90
37
74
20
53
27
77
81
82
30
2
26
35
56
29
10
76
76
43
88
9
17
12
69
56
9
19
58
51
2
52
29
65
66
75
85
85
98
74
39
75
74
63
80
42
28
83
19
80
70
62
83
41
36
77
39
10
51
13
45
72
47
86
6
15
58
22
80
8
82
96
55
6
75
51
27
44
85
56
6
85
28
93
55
23
61
86
41
84
68
55
74
90
39
36
49
71
27
32
33
84
87
72
50
34
59
60
100
67
7
34
76
