List with 10 entries:

[29635, 3400, 5956, 47273, 22903, 56888, 89391, 94349, 56999, 68784]


List with 100 entries:

[75652, 99572, 54528, 58445, 82452, 40831, 46053, 28982, 34059, 53111, 58462, 85575, 59456, 10006, 87040, 67473, 93838, 51869, 65497, 38024, 70308, 89876, 99209, 77000, 35318, 17136, 86465, 67839, 82386, 96277, 1232, 45797, 39879, 5038, 80459, 72973, 40817, 26905, 8745, 16801, 73981, 88896, 50932, 54559, 22555, 1449, 89452, 84236, 57668, 75209, 69767, 28477, 62962, 76705, 71394, 95663, 79868, 10849, 64497, 46529, 43289, 34261, 37418, 86502, 1226, 29146, 1857, 23831, 34693, 83833, 20824, 46338, 15323, 89557, 21254, 18489, 20865, 91370, 21102, 88462, 26885, 13158, 33364, 70870, 16903, 30327, 40864, 93889, 81829, 54522, 95958, 65878, 82022, 50732, 6313, 66065, 83544, 65913, 65236, 74389]


List with 1000 entries:

[87267, 49248, 80493, 85272, 9464, 96438, 78178, 52687, 44215, 37234, 16401, 53338, 15856, 57417, 88192, 90496, 86174, 27084, 27867, 26064, 61996, 16975, 91704, 34418, 37563, 6139, 70435, 97473, 83982, 44019, 3340, 40536, 82258, 86161, 38755, 12205, 50504, 67744, 33484, 95986, 52974, 4703, 34276, 57017, 81771, 35540, 14126, 21998, 11973, 59024, 62143, 41701, 90608, 70246, 7912, 46921, 99155, 37293, 34204, 11147, 33541, 87292, 95439, 71401, 71343, 14257, 16517, 25670, 84251, 91272, 8871, 72736, 663, 50562, 84927, 46864, 29952, 86192, 28610, 80741, 20323, 18125, 3272, 57615, 61658, 47146, 33631, 58639, 38617, 46842, 91628, 27414, 30380, 36753, 35017, 16371, 18487, 81675, 53628, 21933, 68786, 24698, 75959, 62168, 16066, 64517, 69865, 67926, 83656, 12263, 17770, 86707, 67012, 69531, 33739, 57665, 4967, 7151, 70311, 98767, 92666, 6919, 59007, 92213, 26687, 87001, 40458, 85895, 65467, 67675, 74434, 58032, 54374, 89739, 78425, 15210, 73175, 16104, 38515, 32969, 73980, 19379, 21371, 89197, 81098, 38370, 39805, 56479, 93677, 21424, 56905, 73778, 97690, 83641, 61150, 4263, 29264, 57888, 46023, 34116, 97124, 26446, 69545, 91833, 46471, 73425, 57084, 38165, 59735, 87226, 53686, 76299, 9886, 7144, 74291, 51501, 97118, 2575, 12687, 53936, 8587, 93434, 37514, 47341, 19263, 95243, 55998, 15212, 11448, 78167, 82430, 38758, 80979, 96347, 68186, 28172, 24164, 36259, 37501, 48288, 34140, 78463, 75000, 30730, 19999, 10054, 36786, 83841, 13247, 53359, 51417, 43329, 19563, 49688, 39472, 32684, 19535, 48476, 25562, 1903, 94144, 30419, 1799, 37563, 55617, 83130, 41558, 87635, 24515, 34292, 60874, 58166, 16065, 73591, 44164, 12523, 36680, 86996, 55307, 45721, 52486, 62856, 72499, 66957, 4050, 9868, 64954, 10573, 71989, 7712, 705, 29517, 93164, 91555, 98818, 46654, 60644, 53774, 45906, 64664, 76538, 2169, 46834, 92908, 43862, 84847, 9756, 5036, 90982, 73877, 453, 61303, 4137, 81723, 41067, 1462, 22131, 11716, 8082, 61272, 14026, 46048, 89606, 12555, 71630, 65831, 18014, 18850, 64943, 29278, 16159, 34323, 20493, 82284, 66093, 44263, 75858, 30821, 54791, 37867, 79824, 24435, 32872, 67817, 89050, 35890, 74512, 18731, 71261, 47166, 61502, 45266, 78653, 98944, 7387, 93464, 25940, 87607, 82618, 68688, 8501, 9960, 55414, 93499, 85703, 58268, 86146, 31470, 49374, 16321, 32699, 84162, 8501, 37506, 58378, 18512, 47845, 70608, 35327, 16599, 44593, 73647, 71656, 2271, 9474, 96006, 58589, 36357, 30733, 52410, 19026, 90107, 85606, 87571, 67628, 24076, 4435, 71591, 57751, 84676, 48256, 97094, 92257, 42907, 87495, 27050, 51446, 13768, 85763, 24060, 90858, 69717, 91098, 92391, 10475, 24885, 63969, 83436, 82741, 80157, 47175, 62639, 28017, 20082, 6168, 8305, 14913, 9559, 58280, 13004, 23093, 25796, 19212, 20537, 29204, 49092, 65512, 58033, 40605, 49148, 61909, 12847, 43619, 25541, 20547, 72274, 51183, 47974, 41543, 20816, 28052, 83222, 3759, 51418, 41811, 29212, 91638, 1746, 26869, 50457, 99981, 69580, 54746, 18829, 91051, 45712, 26849, 31377, 86412, 92930, 40604, 46500, 44871, 15826, 93218, 32612, 15710, 75570, 34046, 10656, 67816, 11158, 35812, 88656, 32459, 85268, 76677, 95782, 19390, 40767, 30910, 94158, 75503, 76068, 32514, 16332, 88336, 91763, 14214, 95181, 55041, 12836, 99500, 86250, 25071, 29780, 23701, 96723, 31811, 91816, 96499, 48236, 62401, 29444, 23105, 97594, 21649, 99508, 99799, 124, 92975, 42362, 9364, 92711, 73906, 24181, 89289, 38007, 77873, 42458, 87796, 17541, 54451, 62347, 69571, 71868, 55393, 45526, 18154, 28004, 18936, 54821, 48297, 76459, 18896, 90813, 67223, 81005, 39526, 34061, 9102, 51635, 93163, 86403, 20169, 1866, 88633, 25505, 44365, 49343, 31890, 82706, 27167, 79397, 26271, 22093, 33675, 59843, 6291, 62754, 32558, 87811, 65962, 76903, 67996, 80961, 99570, 49688, 85185, 23681, 51481, 40634, 56133, 48905, 97101, 60860, 58665, 66115, 80892, 51150, 36591, 72981, 73113, 2375, 28613, 85321, 24309, 97327, 42812, 40724, 62049, 55768, 34652, 12576, 99999, 98926, 47223, 60140, 90305, 94632, 53068, 91094, 51386, 59323, 19299, 97711, 14286, 43540, 43030, 95190, 22807, 36976, 14541, 37599, 42272, 54065, 27519, 19765, 36914, 60615, 49357, 86417, 85885, 75108, 50647, 14985, 2751, 87759, 13165, 74127, 54843, 65121, 48137, 94794, 84179, 72942, 93834, 37972, 78349, 19959, 41781, 10838, 36900, 97055, 96315, 60759, 43285, 46743, 39806, 8360, 29005, 13889, 52544, 44152, 1808, 34571, 38712, 46577, 9275, 85993, 72976, 10599, 9051, 85571, 67960, 66325, 61036, 17300, 34725, 45033, 6317, 34951, 438, 50498, 67500, 87984, 8516, 24440, 62550, 75001, 9201, 27281, 15110, 11675, 49617, 99994, 28542, 38082, 30132, 52701, 97350, 82729, 698, 44464, 69465, 92703, 50091, 27299, 17006, 21754, 62220, 61680, 64650, 11986, 72184, 46007, 33581, 58557, 93828, 97935, 86118, 52345, 51279, 71759, 78587, 31310, 47408, 87516, 79499, 70604, 84643, 71117, 46237, 69644, 50423, 35725, 86643, 86400, 30508, 56550, 40167, 42731, 91129, 66841, 70683, 84307, 30509, 94095, 47201, 28911, 83744, 71010, 52056, 95551, 52910, 55691, 85271, 47299, 70279, 60828, 76344, 24666, 90489, 62113, 5425, 87191, 68822, 33663, 11393, 47263, 66267, 87441, 91777, 52147, 18677, 21947, 5420, 91398, 70649, 44102, 23216, 86746, 51730, 21960, 64587, 41779, 25592, 90013, 68918, 78037, 21648, 75785, 26931, 64537, 9815, 85722, 60205, 88658, 86945, 61732, 78897, 70981, 36586, 59282, 76915, 40851, 11693, 43957, 48788, 67986, 9105, 27191, 25270, 23207, 64284, 91257, 16245, 41398, 88677, 60196, 28015, 16032, 35753, 48421, 81589, 32259, 93746, 68476, 32549, 34105, 33702, 58401, 15888, 40441, 45039, 64336, 63014, 795, 91782, 14114, 13298, 41162, 18777, 1907, 96736, 4420, 64703, 48185, 82595, 20758, 37543, 46703, 96392, 40657, 83877, 68837, 6947, 67484, 80910, 3393, 55624, 20709, 75112, 56503, 11369, 39695, 66205, 34525, 80657, 25750, 74966, 88090, 2948, 67251, 94380, 5995, 8075, 27384, 12548, 77715, 89178, 58470, 70261, 86155, 92483, 70985, 79913, 37955, 14962, 17737, 30150, 36990, 68119, 5613, 34101, 33037, 65797, 4492, 59673, 63514, 13638, 53450, 9808, 69405, 30789, 72709, 16965, 28240, 453, 87913, 40914, 68129, 24006, 35819, 33963, 1804, 77026, 51544, 31817, 63382, 66796, 77983, 8117, 79537, 99802, 65790, 83586, 24466, 8584, 38505, 11913, 30860, 7782, 57733, 45470, 79288, 7489, 49382, 53951, 71942, 82534, 36614, 948, 33503, 51872, 82241, 86599, 1880, 25602, 14261, 33101, 39364, 51680, 465, 80869, 32510, 60439, 19121, 17017, 91918, 6409, 17096, 59795, 77870, 17437, 95529, 91021, 94885, 71948, 49987, 7263, 58484, 24361, 37711, 89039, 46028, 64082, 93103, 15872, 2736, 14159, 94139, 58986, 46326, 56337, 89664, 18886, 7817, 23186, 53764, 15069, 2272, 39162, 2559, 53043, 39518, 20417, 71416, 91934, 28684, 94684, 43814, 16790, 66869, 17626, 93081, 15146, 20786, 91877, 72364, 35309, 27609, 47418, 88402, 62324, 91239, 20188, 67058, 36499, 25541, 89456, 81260, 23076, 86962, 64099, 77492, 92050, 75488, 18999, 95548, 51731, 88843, 95979, 4601, 93458, 58911, 27224, 42692, 73684, 69435]


List with 10000 entries:

[68815, 93318, 55856, 56343, 70100, 85371, 28577, 50871, 94372, 45599, 21304, 51416, 18398, 95573, 45322, 54268, 61572, 10157, 89643, 6090, 59134, 26494, 68315, 74039, 96216, 44216, 96457, 40741, 78544, 79025, 60665, 58571, 69230, 52064, 19085, 88385, 80652, 21146, 85916, 84139, 98813, 88831, 63869, 61986, 5254, 44092, 43720, 11875, 49487, 80592, 43782, 90369, 15582, 40970, 52518, 12184, 34392, 37864, 69153, 81202, 8143, 30698, 45917, 26713, 33389, 96251, 48806, 51702, 37780, 71368, 74285, 88654, 73104, 11232, 85197, 13925, 90523, 71477, 44583, 32048, 38807, 450, 31209, 90110, 66230, 99372, 24510, 86981, 79980, 98009, 65533, 3107, 5533, 58036, 75646, 65662, 130, 97530, 8574, 9968, 52895, 12452, 70257, 68357, 46524, 58491, 32748, 55570, 40478, 14975, 40117, 71952, 89619, 36903, 23277, 98587, 67795, 28009, 142, 2907, 56421, 99136, 59673, 73614, 65782, 95780, 53508, 92797, 48841, 37211, 27662, 64118, 85185, 91758, 79070, 38047, 17274, 1403, 81992, 3067, 60043, 8311, 15903, 56404, 16189, 46377, 73175, 35945, 68798, 12843, 73305, 80447, 24558, 29344, 7367, 47575, 81281, 35335, 85101, 28029, 4445, 4828, 15309, 70361, 46940, 59264, 77692, 46189, 66855, 37021, 74036, 83805, 95150, 11588, 83492, 67365, 46693, 70851, 14412, 26299, 23129, 2057, 16614, 26706, 49213, 1663, 34286, 56289, 75544, 11330, 54388, 84807, 36761, 54730, 97452, 65697, 33088, 49663, 72101, 11279, 58384, 16686, 24504, 23537, 24191, 61061, 8051, 99102, 4358, 61190, 4559, 73941, 50597, 67538, 18424, 92155, 17778, 4067, 44134, 1530, 36676, 80457, 70162, 86683, 93653, 84903, 21651, 49453, 45901, 80833, 19984, 36412, 59034, 21280, 92408, 58538, 6798, 89160, 36247, 18217, 78735, 33538, 45639, 65650, 71474, 93668, 44739, 77677, 59510, 35287, 58596, 51194, 42840, 2292, 87838, 79439, 91664, 68503, 21634, 3560, 78196, 25783, 16413, 15881, 69328, 42249, 18789, 69750, 47884, 4406, 17844, 40815, 81871, 19648, 61825, 53167, 52315, 8615, 200, 15613, 68299, 16036, 68721, 25404, 29912, 20134, 50547, 87104, 75448, 94382, 6618, 96139, 90313, 54205, 16051, 98409, 54910, 29582, 67515, 82239, 99798, 75126, 22980, 69184, 83175, 69573, 7127, 93965, 10709, 72226, 3968, 97649, 97342, 26487, 80410, 46100, 82247, 66016, 33004, 94155, 1288, 15809, 90692, 98582, 62236, 46390, 14218, 56147, 41625, 36463, 63520, 4805, 32915, 59950, 17753, 65828, 43484, 39570, 71362, 9496, 20665, 31873, 15449, 406, 17984, 15128, 70218, 47682, 66315, 67006, 12374, 85288, 32372, 77023, 17720, 86355, 72557, 89638, 20660, 7557, 18661, 92857, 68617, 36045, 43720, 69573, 83887, 30747, 54298, 98623, 56830, 29388, 64589, 20745, 4336, 94047, 36928, 31880, 76744, 86087, 23484, 82299, 12694, 36969, 49536, 64355, 25411, 20702, 80701, 9410, 2705, 27289, 32600, 74186, 87202, 72153, 14324, 33938, 63484, 49140, 66539, 26332, 81529, 78965, 39319, 43895, 43473, 50251, 65762, 35280, 63853, 87352, 86838, 98644, 91375, 69078, 23172, 70715, 58405, 38614, 56337, 65822, 70683, 65980, 34027, 76838, 80695, 8029, 27425, 88395, 17716, 58735, 81965, 73323, 40503, 11439, 45271, 68626, 37251, 22631, 31836, 38486, 82482, 55441, 31697, 80997, 96593, 29527, 84161, 88347, 38237, 71234, 82808, 51338, 12491, 46605, 69197, 30913, 44918, 96953, 74819, 86488, 42599, 32207, 54805, 77253, 49147, 68566, 54836, 95160, 20831, 69053, 91094, 88593, 93280, 27847, 73538, 40188, 805, 47690, 6638, 89076, 5979, 61306, 80602, 82168, 64797, 83455, 40560, 69250, 94775, 44584, 80267, 66002, 89299, 6620, 86631, 39098, 82107, 36252, 16277, 45763, 85400, 56796, 87571, 28881, 92151, 27018, 52563, 69707, 16677, 21247, 31182, 79369, 80536, 38998, 79238, 42109, 87162, 17776, 17424, 74719, 2888, 9385, 23160, 11197, 340, 62127, 47531, 365, 66532, 20324, 33308, 20230, 38894, 57398, 25401, 83065, 30867, 22426, 56271, 64842, 6998, 58102, 30028, 8168, 52522, 49289, 69724, 22022, 66912, 19769, 72986, 70475, 39989, 13632, 95189, 18532, 41117, 33501, 11937, 52375, 47091, 11969, 29478, 73085, 89301, 80753, 18842, 9857, 93823, 51910, 95900, 29816, 95454, 69214, 60459, 58326, 38055, 22599, 60376, 19241, 74237, 59350, 52290, 53310, 3351, 49663, 80178, 62128, 3335, 55382, 86059, 81295, 43250, 72061, 42106, 11014, 8807, 21365, 68943, 40381, 82057, 34006, 94957, 54362, 74009, 62111, 78264, 1132, 74594, 55560, 54727, 41866, 5497, 46034, 67438, 10749, 95864, 28252, 42562, 77336, 82089, 38100, 33675, 71555, 92224, 58923, 70304, 40211, 9788, 65197, 97544, 67674, 76307, 33349, 90788, 98316, 1665, 82331, 54045, 87567, 97751, 89724, 30355, 83257, 7643, 51334, 84088, 60568, 20684, 34588, 50262, 36471, 17930, 28167, 77071, 61931, 41974, 10415, 33206, 84330, 21297, 27319, 69473, 91260, 20579, 29075, 22472, 95953, 77103, 68293, 71436, 82035, 75044, 22781, 43569, 96829, 51659, 14926, 26774, 79895, 41341, 27733, 7348, 60473, 12770, 27481, 57725, 67877, 32559, 81106, 66636, 42226, 13316, 38452, 13042, 41219, 21386, 13536, 96672, 26453, 35956, 33749, 56317, 22517, 41635, 84279, 53108, 5999, 76255, 30148, 16566, 95056, 30144, 86979, 80149, 3489, 3749, 2303, 96622, 71696, 87049, 51186, 91987, 58505, 84876, 96200, 8959, 50258, 79555, 4121, 67281, 45835, 20592, 99272, 91393, 28198, 72350, 32112, 20241, 27634, 89762, 46724, 90898, 42724, 39520, 10464, 27335, 6081, 14142, 86734, 2135, 4864, 85638, 39689, 97309, 14556, 59417, 9932, 47812, 43309, 61446, 42745, 93610, 51500, 78975, 49053, 72855, 25634, 4439, 99854, 61747, 7986, 59262, 27178, 13674, 62790, 50125, 88334, 38492, 3961, 13590, 98312, 86312, 67861, 34553, 72571, 90445, 28875, 40166, 16406, 16159, 98158, 1952, 20611, 99577, 29863, 74290, 71369, 51637, 90636, 24122, 83838, 82352, 38432, 26538, 87305, 88586, 72008, 30596, 13442, 94595, 19806, 64809, 15254, 2563, 56693, 87875, 97417, 87427, 36683, 79246, 20786, 15456, 61254, 22818, 18175, 75093, 15824, 40500, 40236, 52143, 86104, 83900, 50080, 81860, 59549, 51876, 71880, 16558, 45165, 12104, 84637, 74598, 60447, 3074, 72896, 29616, 55921, 20664, 87330, 56489, 49467, 11327, 64532, 97881, 29219, 26885, 13124, 68363, 6351, 29410, 83487, 94628, 31465, 13775, 87639, 87681, 22338, 30928, 18114, 63595, 84116, 49240, 6717, 35804, 6857, 97203, 94973, 33205, 46871, 14124, 63098, 92589, 16810, 74576, 99984, 98089, 34102, 87537, 86579, 26598, 41042, 6228, 77803, 46695, 37825, 39281, 92546, 65947, 69528, 27983, 7190, 39601, 28832, 34710, 69001, 72727, 4784, 70950, 37710, 40858, 18430, 20866, 86215, 38048, 54254, 60033, 12581, 58828, 93903, 5813, 39255, 80061, 91980, 4779, 34191, 50928, 17500, 82484, 14994, 18799, 46492, 6699, 87473, 46063, 54180, 16550, 44491, 78506, 63081, 19020, 34763, 60166, 58164, 28533, 60771, 55398, 27148, 54927, 29698, 37455, 8742, 75774, 69294, 82261, 27157, 937, 11679, 98431, 10678, 31617, 24121, 93282, 93044, 29036, 35236, 69638, 22162, 80362, 37012, 3395, 14540, 29842, 43362, 22856, 71171, 56271, 98101, 8209, 12935, 34186, 78382, 69992, 664, 6900, 65953, 93710, 55274, 78051, 23154, 12000, 76041, 57964, 77451, 24642, 71782, 13727, 66278, 53952, 84502, 42071, 15887, 44406, 69711, 10716, 19987, 72235, 81862, 5432, 98352, 58585, 93198, 56846, 5083, 12930, 39424, 40847, 59290, 85640, 4298, 1918, 26735, 91777, 96547, 9478, 98179, 12503, 31097, 43298, 3459, 13233, 5237, 15919, 59214, 54494, 75883, 9564, 29701, 60672, 92251, 75393, 39911, 60711, 17778, 69992, 38158, 10886, 9693, 2166, 13576, 68038, 89383, 37448, 68936, 12813, 68962, 65177, 71702, 18807, 98813, 65203, 49067, 29100, 59829, 86678, 5440, 5179, 31214, 38360, 51177, 29715, 19796, 70916, 10011, 85106, 43292, 11846, 9899, 54672, 33837, 51368, 60336, 36893, 74125, 16285, 39218, 22066, 69213, 17777, 23772, 58971, 50236, 57868, 92966, 88982, 10343, 67637, 67233, 55659, 57287, 53159, 66705, 69493, 72366, 92451, 33687, 95644, 18059, 25658, 83842, 5054, 93562, 68224, 49708, 27914, 95159, 36365, 66746, 64021, 57686, 67452, 78535, 78930, 28665, 72167, 42618, 73010, 18593, 2101, 60391, 47885, 62203, 93427, 38682, 95361, 15121, 56690, 36391, 47752, 43113, 11296, 35188, 82832, 79742, 19285, 97664, 20404, 63552, 25733, 45392, 46318, 71660, 50211, 13229, 7309, 19505, 29039, 80258, 18223, 88475, 31003, 34468, 31335, 11092, 99309, 74169, 2303, 67199, 4625, 99589, 40366, 95565, 11243, 89633, 39490, 70985, 83525, 92694, 66631, 38631, 64592, 87826, 99046, 41092, 17761, 46194, 87672, 32090, 1109, 16485, 23948, 19671, 53062, 70507, 56158, 64638, 76052, 43490, 39319, 3104, 95545, 36492, 75169, 14223, 18620, 60987, 98177, 49551, 2557, 21527, 8494, 72179, 74454, 43457, 59961, 82304, 87892, 17669, 96562, 41866, 27491, 63794, 87109, 29250, 10396, 41771, 23135, 60942, 35443, 91567, 53747, 63935, 86429, 12996, 87309, 78679, 45396, 62642, 73855, 62964, 33541, 87906, 6365, 89514, 28398, 67123, 37876, 70758, 49602, 89337, 98876, 12130, 50329, 28824, 36238, 36849, 79486, 29361, 31110, 79023, 55201, 37691, 97079, 68539, 86620, 20042, 50834, 34767, 90496, 90594, 55652, 11659, 72757, 17715, 39175, 28399, 31363, 32344, 59322, 35654, 84994, 66344, 21862, 60124, 96122, 59326, 14301, 47519, 79327, 63590, 3562, 74457, 42099, 85343, 22042, 4621, 6927, 23371, 11625, 23437, 86648, 3223, 60398, 81671, 95575, 72386, 40141, 48103, 26715, 97602, 57086, 18280, 31744, 80537, 3362, 21225, 38779, 53049, 75167, 12284, 87651, 76361, 40932, 50044, 64452, 99101, 73112, 75896, 84927, 25156, 13399, 30273, 96527, 30371, 27580, 69151, 59204, 28912, 16571, 82104, 2108, 89991, 21562, 83417, 84080, 99857, 42602, 61211, 5994, 56804, 12129, 52557, 62373, 88689, 18142, 53220, 57323, 65373, 78647, 48753, 11036, 82460, 63599, 58227, 19353, 89174, 97228, 40284, 62697, 6011, 9513, 33848, 35665, 44017, 18557, 32179, 83036, 97067, 28979, 46646, 67713, 15601, 56891, 59917, 28228, 58446, 86569, 83324, 46602, 10486, 20708, 97981, 5857, 36029, 47406, 26853, 5621, 65056, 1696, 65411, 4121, 52563, 75593, 55876, 12524, 39405, 42210, 74291, 62445, 19772, 75091, 26160, 63075, 4898, 11965, 3201, 66980, 11976, 57790, 58498, 57669, 17607, 23731, 82261, 6900, 10804, 55655, 14026, 47610, 94283, 52290, 57582, 67554, 78065, 8996, 65935, 22395, 29176, 20926, 91960, 2125, 41513, 79608, 72891, 91418, 78735, 38222, 17405, 66392, 41306, 45223, 52772, 53003, 73972, 75608, 13036, 1547, 23010, 5608, 70759, 94850, 55712, 50943, 72343, 34335, 10047, 61306, 97191, 68153, 52544, 53880, 90538, 21926, 48546, 21230, 24, 86898, 5936, 66884, 22130, 42550, 65100, 32465, 43431, 64448, 71004, 55614, 12749, 37268, 36509, 55997, 81841, 91475, 51663, 91570, 4467, 55943, 97595, 82811, 88016, 89126, 52092, 96344, 54328, 62714, 60489, 40102, 53685, 81398, 29047, 9830, 94471, 37870, 33418, 66313, 44721, 29606, 59942, 43006, 28066, 37388, 44378, 40909, 739, 41520, 25338, 31644, 92831, 45792, 32588, 12752, 80997, 70695, 43396, 79459, 54843, 81716, 48963, 80782, 56391, 55205, 69311, 57056, 9697, 70462, 90941, 2029, 29878, 21474, 3142, 19191, 47510, 46676, 49350, 81772, 50654, 6576, 30666, 84634, 68956, 36383, 78321, 13310, 37812, 68740, 95394, 38629, 63322, 47764, 55515, 32949, 61640, 55951, 5442, 6665, 39005, 65805, 93401, 68662, 78035, 79824, 25172, 86781, 56619, 76507, 32284, 77428, 42682, 90400, 41130, 1895, 59490, 50572, 31461, 68802, 88378, 58781, 4631, 89566, 6190, 62943, 20816, 76255, 51846, 92829, 7293, 86657, 91594, 21895, 65264, 85160, 1688, 15323, 32696, 51888, 89464, 28916, 38986, 92533, 27033, 81427, 37768, 71082, 83777, 39194, 77957, 96468, 12831, 59575, 63957, 28850, 8243, 29029, 40076, 80685, 21894, 6772, 82682, 2890, 87739, 64539, 53699, 42539, 78330, 79337, 94155, 16945, 7585, 56738, 50544, 76281, 2749, 13616, 84020, 56608, 14224, 39571, 76424, 71970, 67048, 20613, 12124, 73396, 37202, 15484, 97380, 17579, 9799, 90314, 22255, 76533, 25752, 99010, 65734, 95980, 36182, 65768, 47350, 46010, 41433, 28619, 71720, 18729, 85729, 4342, 75683, 65226, 19645, 73258, 59169, 10879, 69749, 97121, 5628, 81507, 80537, 50902, 47418, 76176, 8485, 67810, 4464, 78659, 88629, 64676, 60832, 31297, 75401, 96294, 44184, 29388, 71869, 26692, 96649, 1558, 75802, 33601, 13871, 92021, 26901, 15212, 36682, 80076, 40679, 81971, 31466, 96789, 23963, 61489, 28804, 43514, 3463, 91348, 355, 70310, 63170, 15216, 16406, 40937, 90023, 5860, 9407, 94341, 72670, 40844, 41454, 3627, 25461, 11615, 2478, 5381, 55622, 17865, 74623, 80475, 70593, 86695, 51524, 52589, 36591, 72566, 4812, 94562, 42581, 80029, 30556, 36804, 30893, 68719, 17429, 94567, 69749, 94539, 42186, 2012, 13380, 98349, 29262, 91101, 46852, 44612, 41378, 49253, 49580, 58847, 48901, 93589, 29575, 16763, 34935, 26661, 44537, 80266, 76286, 99391, 34668, 10415, 47860, 36056, 30576, 15172, 25000, 7560, 73720, 14926, 8850, 39953, 51614, 9328, 93334, 98754, 54658, 22718, 35220, 42907, 6316, 10556, 10279, 71959, 61717, 35513, 31237, 26236, 41525, 82551, 33553, 7818, 2669, 40666, 52217, 39699, 13334, 6035, 56658, 62816, 89671, 85734, 58074, 17951, 32486, 59095, 7058, 93335, 98333, 6813, 73722, 52501, 17842, 69353, 23263, 35830, 40209, 96296, 86897, 49434, 40028, 92122, 7952, 64405, 49234, 95779, 10234, 85089, 51883, 5636, 14951, 29312, 92786, 81965, 30472, 86127, 19370, 4084, 58269, 93890, 65066, 65294, 15297, 28673, 2452, 30382, 34410, 13355, 56400, 3104, 41887, 11687, 26933, 4250, 14688, 52835, 88667, 76432, 90199, 94511, 94059, 95837, 51895, 78515, 26651, 61885, 6383, 32032, 9263, 84311, 37502, 80879, 69521, 78197, 13164, 86931, 26801, 76545, 80268, 71363, 28521, 53104, 22477, 79559, 8097, 26687, 17141, 58405, 8290, 46580, 84164, 79183, 11979, 78083, 36146, 71202, 32718, 44738, 2924, 23119, 71058, 19196, 42879, 26106, 79335, 16530, 71044, 85655, 33738, 72742, 65458, 28526, 27772, 85915, 88297, 29469, 47975, 97882, 18703, 39884, 56362, 3553, 32863, 37343, 12464, 98956, 52948, 42132, 68259, 69732, 91092, 61775, 91814, 59776, 25332, 23587, 65684, 76015, 88964, 51812, 13794, 33709, 40066, 12798, 83693, 69313, 3606, 8226, 55076, 47493, 27975, 72147, 35534, 48211, 68561, 18801, 19754, 70029, 77884, 29771, 54758, 77847, 55572, 64184, 42567, 26327, 28166, 40538, 23017, 16319, 23137, 59255, 95462, 3444, 14170, 62341, 46844, 37159, 40922, 37400, 72528, 7698, 22718, 7746, 34116, 30380, 85166, 2821, 75342, 37292, 10852, 33421, 1610, 70335, 16835, 3436, 88559, 83368, 83493, 33637, 1889, 78102, 1866, 53145, 73107, 89503, 94232, 51558, 33941, 89375, 20303, 79831, 31681, 4473, 18270, 83736, 12151, 17747, 29138, 7662, 86005, 56773, 66831, 63599, 15213, 86505, 67912, 80470, 2032, 9128, 98205, 69605, 6096, 14247, 48196, 59239, 95184, 46506, 29936, 62487, 52388, 2885, 3684, 90431, 45647, 49668, 62034, 38051, 10674, 45599, 38227, 14221, 92306, 22364, 90250, 22186, 33043, 43228, 973, 10203, 8071, 84438, 30946, 97682, 77024, 92252, 91741, 36123, 8904, 3195, 3277, 19313, 6481, 71745, 26258, 42056, 45410, 77834, 12263, 67185, 1887, 60799, 29549, 19492, 20773, 9523, 74341, 38833, 29885, 68087, 53136, 84507, 68882, 17440, 86297, 4088, 14076, 68778, 85907, 45307, 56674, 69821, 60545, 15041, 29050, 78364, 20765, 26192, 77323, 77875, 7843, 86893, 86163, 25511, 9265, 50359, 19331, 19974, 42433, 2865, 58841, 9741, 44306, 410, 61932, 9153, 86064, 49146, 88021, 99284, 12796, 55509, 2498, 2096, 23766, 86723, 49972, 71085, 81951, 84880, 56523, 87632, 16437, 26399, 64984, 94936, 83452, 31615, 44134, 29740, 36713, 41447, 25427, 52194, 70411, 71482, 74806, 60807, 55204, 84132, 70040, 65782, 99347, 72613, 36214, 54361, 25434, 71502, 47403, 32321, 85121, 68538, 40387, 44300, 72654, 56105, 51531, 5189, 19835, 31318, 77381, 68293, 29062, 42556, 37715, 46942, 76441, 68663, 15371, 36868, 17827, 81787, 9217, 48012, 79073, 70305, 81680, 6131, 89048, 12120, 72563, 37824, 84894, 13516, 93463, 3317, 33226, 22319, 33476, 60344, 35127, 24901, 54184, 22587, 38983, 97321, 29781, 17972, 3524, 34352, 68138, 12423, 20141, 6926, 12498, 47797, 21450, 71843, 771, 45546, 26683, 60650, 32520, 11486, 59130, 78474, 8241, 29599, 63976, 38072, 14193, 95171, 24946, 16264, 25165, 11691, 57514, 47504, 98258, 9318, 1350, 44140, 82396, 21477, 20874, 89187, 24919, 41562, 64308, 86481, 56174, 67958, 70927, 12396, 91462, 22718, 81470, 83632, 18297, 11142, 95038, 32403, 46635, 61626, 84267, 56060, 12495, 26486, 99982, 46396, 16516, 47428, 5409, 90696, 9653, 30378, 3582, 31944, 48333, 3526, 29797, 61378, 21993, 1489, 35328, 93871, 3368, 89890, 17685, 4431, 624, 11349, 78955, 89892, 77515, 62321, 97021, 64779, 11089, 62925, 40489, 96295, 62046, 44627, 99258, 19752, 7494, 43984, 2957, 26277, 9717, 6479, 93521, 12364, 6877, 2914, 36768, 77759, 75202, 8140, 65010, 86043, 8518, 53207, 23650, 87559, 37431, 59490, 85654, 26327, 47711, 72149, 98833, 12950, 15316, 42196, 80329, 4797, 72153, 24423, 26532, 6280, 98843, 9074, 48700, 27858, 49537, 51385, 12577, 92045, 17906, 76490, 36954, 12572, 43548, 91969, 63122, 99667, 32954, 65124, 5602, 25483, 98061, 72870, 47319, 88355, 27009, 89377, 76041, 28999, 14371, 34883, 66519, 44103, 51470, 78086, 35779, 74148, 85475, 40923, 18959, 46974, 15155, 41731, 41059, 27236, 65231, 80645, 193, 33801, 50789, 30451, 62242, 6485, 52779, 65258, 57959, 95576, 80729, 53316, 73282, 32413, 66454, 1781, 53542, 62227, 45324, 94981, 20268, 57630, 11148, 24723, 86834, 22193, 16045, 71419, 92396, 22020, 269, 74316, 72718, 91584, 90779, 58583, 32265, 69805, 28875, 20442, 8789, 84016, 59480, 37795, 51889, 48550, 61111, 21310, 3491, 78902, 33500, 90568, 57575, 40491, 13684, 65235, 79492, 65061, 97712, 69815, 73405, 49638, 45584, 99529, 74183, 1310, 47008, 91265, 20965, 2231, 97000, 84293, 43536, 66172, 98547, 66832, 13927, 94659, 11078, 91305, 14773, 43943, 78797, 37549, 81426, 70813, 57139, 98415, 83979, 45073, 383, 20933, 28342, 21425, 5851, 69973, 3994, 53638, 55189, 49101, 91770, 91547, 61208, 64388, 6546, 88078, 74654, 81801, 84171, 88174, 23313, 61664, 94393, 93687, 40442, 22640, 31493, 52829, 53510, 30368, 18398, 38852, 93593, 95508, 2593, 7160, 75193, 24844, 63377, 73833, 56468, 39419, 14049, 40673, 3819, 40046, 14948, 16900, 90110, 92321, 19045, 11068, 26298, 91760, 68171, 78206, 77711, 73884, 65534, 98208, 38500, 72953, 1163, 72411, 95550, 75055, 97167, 10586, 90975, 42002, 441, 26981, 14505, 69705, 85089, 11225, 28448, 24984, 86880, 90437, 25301, 51378, 78492, 41697, 4671, 74447, 91989, 82854, 11339, 98176, 32119, 61305, 81510, 93767, 95235, 67380, 93171, 31388, 2051, 41039, 7007, 20788, 85136, 95422, 90289, 89360, 57980, 7721, 49421, 7436, 1324, 34675, 41196, 44, 10662, 82579, 6300, 55055, 44638, 93095, 81904, 80155, 13244, 76157, 2748, 14462, 90856, 57136, 6280, 77357, 79411, 75915, 67793, 20372, 73670, 46225, 20191, 63319, 15565, 20716, 35712, 71467, 5460, 23358, 95191, 23399, 65611, 27996, 13631, 86439, 67583, 18787, 79864, 16044, 83840, 18736, 92916, 80162, 53609, 45003, 5020, 82224, 45181, 83900, 26558, 19222, 97829, 50571, 15961, 12193, 13125, 99723, 15196, 22167, 34848, 1674, 91384, 45909, 10619, 27789, 77191, 68504, 76046, 77311, 77819, 31041, 33424, 70516, 13265, 83155, 89306, 80791, 63742, 29506, 37892, 7924, 67008, 24171, 86324, 13472, 55268, 48525, 40316, 93570, 56823, 3490, 65832, 36747, 99325, 47075, 89478, 17107, 46066, 67513, 20941, 38356, 32435, 76196, 45003, 47171, 130, 90567, 55118, 20237, 88579, 26640, 80329, 3162, 78148, 69637, 25428, 64732, 75979, 58372, 96009, 12098, 53963, 37130, 31541, 19796, 21015, 16768, 24869, 94513, 24107, 55259, 20629, 78272, 87496, 69881, 23537, 3878, 16947, 96426, 55082, 57753, 9482, 78027, 1940, 50411, 84058, 34824, 46352, 11809, 39817, 27255, 94870, 82026, 88626, 55827, 26849, 91493, 70711, 80539, 43328, 64789, 85994, 71142, 3338, 40842, 47245, 22456, 3102, 85668, 28355, 83785, 43203, 44753, 9613, 98432, 38197, 88089, 74955, 53678, 35922, 24585, 47921, 56256, 89296, 60922, 37275, 99946, 43857, 78823, 65874, 97670, 8208, 79721, 96685, 5958, 20688, 39, 16058, 54195, 98112, 10614, 56015, 32542, 72877, 60040, 34162, 51479, 10427, 7495, 97454, 13523, 18986, 73610, 67710, 6997, 3884, 63940, 30454, 65675, 32515, 74741, 51420, 30285, 6998, 63855, 28307, 48790, 24969, 87027, 87030, 52511, 20921, 7705, 29637, 52632, 62926, 32660, 41093, 32484, 31874, 99637, 85994, 41308, 62427, 30293, 74547, 67303, 13578, 88164, 31604, 18058, 47694, 93314, 81117, 39055, 15834, 70219, 95882, 49296, 8853, 51052, 27750, 32414, 12456, 56133, 55558, 77207, 97804, 65489, 55925, 86986, 74734, 4236, 51538, 97722, 30747, 74749, 69347, 55822, 76185, 93327, 74515, 93613, 50325, 85775, 68672, 41693, 6083, 14976, 79871, 26722, 19462, 20975, 16335, 99867, 22580, 37594, 28433, 32385, 86578, 4056, 63910, 75929, 15041, 634, 92890, 25400, 2253, 85519, 9179, 86646, 723, 87220, 13743, 98937, 8271, 66836, 29525, 33595, 66201, 38819, 63101, 55894, 27759, 4619, 30680, 93553, 71890, 75511, 69658, 55993, 95121, 57954, 15761, 72895, 23097, 91173, 63886, 72767, 64508, 98469, 74147, 86919, 58274, 33683, 58595, 40413, 66788, 76781, 67427, 84084, 31595, 22378, 70696, 59336, 69502, 30382, 69676, 940, 57780, 40473, 81428, 52825, 8438, 256, 16219, 61454, 5161, 83262, 78778, 77975, 19493, 85103, 40032, 72616, 83996, 65913, 86717, 38323, 91323, 59976, 1237, 32976, 28495, 32854, 26889, 42868, 66494, 9628, 17410, 79051, 14124, 49178, 48518, 81259, 5896, 29311, 75135, 60375, 18172, 11309, 7870, 89442, 71511, 50114, 80753, 12661, 91795, 81945, 84289, 81069, 65268, 95570, 83603, 36019, 74207, 97637, 35540, 35716, 25328, 88076, 82425, 75860, 43708, 49934, 11887, 48204, 39477, 23558, 59497, 2018, 74808, 73902, 15723, 58789, 13225, 35306, 35316, 81810, 92706, 30727, 23596, 78217, 16598, 9064, 24489, 86840, 78112, 39946, 38788, 84357, 38323, 74195, 7324, 78064, 99113, 52533, 54824, 29264, 91481, 96142, 88052, 18900, 74707, 15892, 66437, 72938, 71972, 13526, 17593, 72419, 48372, 24557, 30786, 83957, 65810, 91415, 650, 59571, 63924, 59838, 86887, 79862, 84203, 46640, 72394, 80923, 10189, 58751, 24663, 99133, 70763, 92504, 40528, 29916, 10820, 33007, 68982, 36485, 35649, 39963, 26363, 86775, 98728, 19884, 24947, 27952, 98552, 1089, 45669, 90096, 86952, 21928, 9670, 30825, 60173, 33250, 48160, 19881, 90815, 5809, 61208, 82765, 28791, 20055, 12789, 32806, 18007, 40269, 88556, 71428, 195, 4449, 42038, 72139, 53256, 20447, 3596, 29701, 30492, 25057, 63630, 77875, 43525, 21267, 55720, 60693, 47920, 97324, 18209, 16140, 46113, 26633, 43270, 20279, 57161, 69136, 69418, 2794, 40650, 10962, 91493, 92783, 52986, 3375, 90851, 25858, 1147, 9800, 74951, 60536, 6076, 65712, 98715, 32336, 42513, 16135, 78353, 26031, 14332, 67036, 8562, 8500, 37659, 44562, 68229, 57672, 30220, 5640, 29922, 1890, 85345, 91713, 91115, 41659, 89660, 38318, 46894, 80521, 90069, 77270, 12061, 82450, 52540, 48032, 69156, 80052, 21404, 68354, 39442, 81168, 73241, 78395, 70787, 30612, 11756, 94020, 25446, 12085, 11740, 7843, 17475, 18209, 63368, 76174, 52375, 38178, 44655, 10840, 11628, 99686, 73273, 55782, 60440, 21695, 90558, 24790, 82025, 32084, 41437, 63644, 35327, 21028, 4549, 24159, 14308, 72637, 12711, 8929, 67713, 67732, 62033, 67241, 7674, 72271, 84826, 65075, 47147, 69900, 65692, 83561, 18935, 7505, 74582, 97797, 88304, 22222, 52352, 40769, 69880, 60715, 23420, 45839, 18828, 50331, 13242, 29466, 85008, 81177, 39181, 34748, 98124, 69550, 83661, 59597, 6053, 29647, 37795, 33504, 54553, 85315, 74214, 82383, 52439, 3930, 5336, 15608, 57505, 71086, 23323, 47113, 71522, 17206, 42793, 33688, 12034, 92006, 86648, 75573, 41304, 67286, 5780, 56269, 98747, 90937, 70712, 13062, 43641, 61602, 70675, 21928, 18193, 34745, 38524, 5030, 31182, 54202, 82253, 66343, 49261, 41696, 49340, 86254, 7779, 15676, 47281, 32805, 85170, 62964, 57540, 58232, 87432, 40665, 14815, 35314, 85965, 10633, 16759, 18049, 69403, 50997, 80687, 23450, 26392, 57978, 11028, 22682, 49034, 48751, 78754, 39234, 95409, 611, 38727, 29527, 87016, 45761, 97285, 24163, 2733, 7760, 22100, 30, 11922, 72584, 44514, 58748, 84067, 46486, 33988, 42861, 17885, 50265, 73297, 73149, 72922, 56603, 37576, 63662, 21145, 71724, 42292, 77862, 45250, 57237, 74106, 42565, 59562, 94624, 56460, 38682, 10575, 18809, 78586, 41970, 36113, 49002, 72378, 38261, 8966, 88621, 34367, 40402, 28223, 20311, 44263, 3624, 39781, 61612, 27764, 34376, 75034, 9080, 1654, 18441, 59384, 58978, 63334, 82707, 99073, 78248, 8521, 48165, 32800, 65081, 48630, 95669, 29042, 22008, 28215, 76967, 2259, 68123, 30663, 49744, 31283, 87456, 33374, 59926, 76759, 8145, 26305, 35277, 54834, 11400, 30762, 53855, 59601, 58883, 74787, 54975, 67762, 23106, 62743, 54216, 11305, 30904, 49449, 26075, 46941, 49748, 4792, 62706, 68790, 58484, 29228, 97050, 87550, 48965, 87481, 94140, 14138, 1442, 58547, 16086, 19468, 93689, 68918, 77531, 52975, 86893, 27251, 9272, 81445, 44264, 26706, 6259, 27188, 56429, 36623, 95170, 89086, 75747, 72671, 3469, 89889, 32818, 96335, 20851, 74683, 49746, 84765, 91120, 8426, 86445, 63600, 53830, 65001, 21863, 86577, 24074, 73545, 76492, 96761, 72556, 48135, 9165, 10041, 69658, 78315, 5902, 1849, 15070, 76455, 60918, 19311, 52082, 19134, 15097, 31412, 44379, 88524, 53130, 64562, 44444, 14969, 80475, 2933, 78530, 4079, 23648, 31683, 29006, 78406, 33190, 27184, 2255, 82675, 6046, 64999, 21900, 46840, 76818, 15476, 74821, 53037, 59454, 67571, 27991, 18116, 97969, 58306, 85613, 74343, 84272, 7960, 11044, 71641, 97386, 6198, 15646, 98230, 35037, 62072, 23563, 13218, 4240, 95458, 23791, 65916, 45930, 93977, 84660, 5592, 28086, 96369, 12580, 96392, 81126, 27271, 31942, 4780, 86391, 55510, 48546, 63658, 39048, 95346, 51801, 7953, 38992, 40263, 87418, 31128, 86791, 95277, 32104, 27934, 84541, 35028, 72759, 87728, 85300, 50997, 22397, 76333, 53717, 55287, 73685, 67647, 23473, 69808, 87925, 58526, 28498, 66402, 96384, 25481, 42862, 99614, 23354, 24975, 78936, 46321, 69404, 80237, 44807, 42494, 88497, 39515, 24820, 81680, 20306, 66414, 46698, 3416, 12129, 51631, 89716, 9056, 137, 37429, 93347, 10564, 66647, 79314, 17127, 1067, 70198, 1625, 61071, 40961, 5537, 61290, 5493, 95668, 85191, 91507, 18400, 5158, 46871, 95233, 34358, 46190, 17655, 28793, 74627, 76801, 5916, 16711, 49049, 53671, 24433, 71944, 99448, 87585, 67751, 16821, 76688, 5503, 95603, 23395, 80033, 1216, 24762, 2696, 92308, 27288, 17806, 56974, 77469, 16922, 66353, 94840, 71802, 26740, 40295, 21521, 83845, 13734, 20447, 27550, 14265, 99308, 27233, 11210, 17655, 68520, 18883, 53309, 97773, 892, 41917, 38158, 66839, 28035, 76158, 4292, 24205, 80206, 98847, 31481, 84517, 33299, 80104, 75648, 63765, 2177, 68576, 48353, 69065, 79955, 96677, 5017, 2095, 14784, 24821, 17010, 71411, 94819, 61077, 18857, 68664, 70140, 73604, 55703, 1070, 36609, 41177, 46513, 1767, 49653, 92514, 28217, 65048, 81178, 11027, 75328, 83155, 95291, 75637, 64279, 67404, 84228, 57181, 37256, 677, 56624, 65842, 22514, 20675, 96927, 56520, 19467, 18691, 79039, 81272, 63410, 10161, 85686, 70920, 19751, 17498, 29955, 89071, 3613, 68110, 97934, 39758, 43141, 90315, 99472, 7632, 33052, 27282, 43646, 27703, 5420, 56636, 96805, 77891, 53409, 3782, 44837, 27035, 40775, 13744, 20897, 57292, 15067, 74843, 868, 69199, 92139, 30388, 84718, 67598, 61036, 86589, 69554, 29309, 1204, 81342, 35203, 75135, 65335, 36248, 68685, 84296, 4600, 21997, 13290, 49562, 79522, 46449, 39907, 3579, 3189, 84423, 1894, 79797, 95446, 91755, 26710, 7831, 29035, 3, 3047, 99240, 71401, 24774, 77793, 68847, 88113, 41145, 31086, 10935, 1433, 828, 94629, 26454, 98273, 41591, 58293, 77927, 105, 57098, 1961, 98740, 99277, 63958, 93729, 87205, 42777, 51908, 33242, 27088, 83024, 91521, 36074, 42003, 47664, 517, 97076, 40533, 15882, 83429, 49540, 73162, 56872, 85659, 56235, 33288, 99489, 93545, 51872, 6640, 58766, 10931, 90904, 84313, 6974, 75814, 46654, 35644, 14081, 69538, 90330, 17089, 19069, 88027, 68176, 48960, 28104, 77528, 12185, 24794, 70061, 65931, 82910, 92439, 40489, 82145, 29141, 81179, 39490, 67904, 92886, 37322, 4914, 91350, 24628, 58651, 87250, 33679, 75185, 25247, 12832, 61516, 59513, 57372, 12552, 83191, 53926, 6528, 65563, 36821, 77872, 5879, 93473, 94649, 61282, 40941, 52082, 78954, 61517, 14230, 40948, 96837, 55038, 64817, 22002, 81495, 58787, 12583, 52178, 2938, 56324, 11160, 60259, 17410, 17645, 94513, 51951, 26625, 15374, 66063, 38835, 94811, 78359, 77222, 37582, 28494, 61542, 24072, 21343, 54728, 12253, 31712, 32372, 86148, 37009, 34691, 75674, 27468, 66666, 81449, 24947, 47577, 17903, 60201, 52972, 50717, 66527, 26795, 57324, 65600, 75597, 66979, 29364, 72803, 41891, 34858, 99194, 17888, 14282, 97445, 37418, 67910, 94185, 1384, 7276, 73371, 85439, 73013, 84295, 14318, 49481, 9104, 66536, 89741, 24606, 75971, 29050, 85777, 11043, 98872, 73567, 61664, 98936, 56549, 14153, 58511, 66002, 53295, 9040, 2687, 64596, 47141, 64218, 69191, 26944, 30881, 93365, 80339, 55721, 15881, 69728, 31250, 59525, 44812, 57080, 97353, 91212, 61668, 67105, 46335, 35395, 92228, 33812, 34966, 7135, 51000, 99664, 66662, 32393, 30465, 38728, 18835, 16544, 46681, 54136, 53947, 91537, 22646, 19803, 80608, 1281, 4830, 59701, 10729, 70944, 79913, 84880, 91078, 61085, 22502, 38200, 99537, 64932, 99989, 43284, 41711, 51339, 90020, 79161, 41290, 67323, 744, 22205, 72195, 41359, 77189, 17617, 25677, 61686, 68121, 41521, 38051, 14542, 1541, 67982, 11837, 58364, 80897, 23614, 9984, 32513, 4642, 59057, 92045, 15239, 97139, 57438, 82399, 81910, 391, 81605, 1801, 85614, 31399, 73692, 2346, 29881, 56220, 10659, 3190, 44261, 61933, 5831, 83655, 33063, 49103, 94799, 12800, 58824, 58871, 39829, 73098, 84942, 30865, 2714, 26984, 76548, 60079, 46657, 26336, 92963, 48853, 16617, 85151, 69490, 97711, 66339, 6015, 73502, 21338, 50921, 222, 13399, 37402, 35106, 45638, 53584, 97892, 91954, 32569, 28396, 15821, 51673, 80854, 56428, 7846, 59524, 47913, 1467, 56451, 89012, 92550, 30358, 845, 1636, 47821, 53445, 43396, 42273, 95387, 63889, 79553, 52445, 83225, 45518, 59641, 65427, 98720, 47232, 44437, 47604, 1683, 64158, 44856, 2253, 73008, 34974, 26257, 44321, 20098, 83746, 90302, 4762, 85239, 3485, 24667, 46099, 82743, 23605, 58578, 6602, 2837, 17121, 94187, 55903, 10814, 55811, 52034, 3433, 57115, 64533, 39579, 3491, 93257, 43852, 60029, 26120, 28106, 25712, 17345, 34860, 77884, 81740, 92865, 78057, 69300, 59563, 81844, 73311, 57524, 31267, 2802, 83478, 47030, 21664, 57532, 22208, 63750, 44569, 22906, 36761, 16138, 1537, 28456, 15958, 32248, 22428, 41120, 11463, 81148, 88617, 78990, 45363, 57766, 30408, 31329, 49694, 93956, 70526, 30897, 45483, 85286, 34798, 93155, 66323, 33298, 10953, 55708, 76110, 78559, 62416, 45189, 79107, 95154, 13983, 65099, 94456, 93267, 50931, 78937, 77171, 23599, 28313, 59619, 28358, 42203, 49899, 76530, 91093, 49155, 83458, 32581, 73321, 46392, 80654, 82394, 57263, 61068, 36940, 4835, 36342, 3261, 96450, 20315, 71549, 84716, 74068, 54227, 98054, 31499, 98962, 58790, 21156, 49644, 52591, 71885, 91622, 75751, 2625, 56219, 31770, 32614, 54520, 33549, 11825, 79427, 52827, 68192, 95675, 90895, 47514, 28055, 43217, 26911, 51276, 44706, 7234, 2055, 84840, 25719, 67351, 52919, 89610, 99975, 27014, 43347, 61913, 47330, 50326, 4491, 3437, 14109, 21884, 16284, 63379, 66036, 76450, 49848, 92649, 52382, 36639, 64173, 7900, 8287, 79233, 56776, 84698, 75393, 12758, 44292, 10747, 15206, 93177, 23969, 34194, 81264, 63699, 58257, 54365, 96623, 6932, 76703, 58090, 4430, 68543, 45303, 33862, 64559, 20169, 93229, 68041, 26028, 36473, 77943, 38227, 77238, 43083, 74655, 1809, 60902, 19036, 75601, 34570, 74360, 88664, 40295, 46817, 28536, 2580, 72680, 32611, 78441, 41090, 5400, 94988, 4318, 66240, 95475, 60261, 36292, 53819, 56328, 66646, 87569, 49696, 17500, 99957, 38058, 79881, 73889, 88752, 7390, 89252, 62151, 3143, 18538, 62632, 12907, 60562, 17187, 11484, 23779, 13327, 51046, 45970, 19128, 3921, 19281, 18520, 17675, 17076, 69140, 27060, 92165, 90662, 41527, 98015, 53055, 29085, 92630, 94406, 19229, 38293, 94576, 86744, 41587, 75627, 81789, 16614, 76854, 64731, 22065, 22921, 88373, 84390, 7651, 17963, 60049, 58863, 39620, 89708, 3401, 7471, 3530, 92662, 2068, 88132, 62866, 9995, 68195, 37881, 58505, 43279, 95666, 32788, 20005, 45444, 47546, 56577, 96518, 25911, 83, 88258, 52382, 56782, 58596, 1477, 60821, 15268, 87337, 59351, 52439, 64531, 53194, 78894, 66799, 61879, 62113, 36224, 89547, 22490, 75595, 63105, 52612, 72580, 8058, 7950, 73103, 54545, 39223, 96141, 24521, 24435, 27520, 18469, 5345, 59664, 21672, 77161, 77982, 57886, 29163, 54612, 3808, 58792, 51005, 43543, 97705, 98037, 34547, 11232, 10611, 20162, 31909, 99792, 58553, 21557, 31826, 22190, 32963, 56320, 34940, 91381, 16412, 3440, 41918, 92677, 69798, 33355, 80095, 61390, 52495, 64133, 51591, 96033, 88308, 30097, 30841, 25191, 32520, 97111, 11866, 87309, 86162, 47291, 61720, 69325, 27902, 33852, 14751, 37091, 73162, 36652, 42489, 21870, 12354, 90508, 34783, 53199, 50157, 89776, 45015, 53383, 2067, 99549, 4012, 44941, 14830, 34627, 20103, 24571, 70774, 74094, 81825, 26971, 39590, 52933, 46614, 41183, 78900, 68229, 98107, 95016, 65676, 16825, 51282, 58753, 61727, 64559, 25304, 99278, 64417, 27655, 34907, 85352, 28041, 40695, 79740, 41760, 61612, 15127, 67474, 86414, 52018, 41862, 517, 18797, 16130, 60412, 71499, 53111, 66232, 1037, 28385, 91279, 99648, 79336, 85234, 8292, 40552, 59919, 35809, 34076, 21372, 42773, 17361, 34980, 38313, 30472, 4061, 85845, 18525, 21404, 55669, 47182, 65914, 53121, 59001, 89923, 99809, 30480, 10434, 2620, 93648, 71535, 82744, 2778, 12722, 41111, 35819, 93282, 22858, 63179, 48614, 31824, 97086, 86542, 20847, 25905, 96426, 66117, 24267, 93984, 72767, 87110, 98219, 18814, 34763, 88279, 71848, 84222, 48066, 17732, 19814, 27100, 8684, 28093, 99944, 65588, 31557, 10990, 4844, 17514, 59901, 45427, 51698, 2677, 2331, 44204, 39258, 17671, 90832, 11350, 30729, 39650, 51174, 70602, 293, 6520, 39217, 74074, 83699, 1944, 6970, 5717, 47851, 66718, 53067, 76521, 5358, 10380, 61587, 25516, 36982, 27231, 41836, 47357, 23900, 36664, 84514, 82925, 60074, 83408, 40137, 32323, 34789, 68840, 3974, 83416, 20494, 55664, 99275, 74371, 18690, 27652, 46848, 26489, 79443, 28693, 9759, 46877, 48283, 51341, 18636, 19624, 83659, 16336, 25856, 46436, 22005, 66947, 6100, 70032, 7283, 3072, 81210, 30270, 26951, 23453, 56292, 14454, 28486, 73300, 56879, 12992, 3259, 14619, 93266, 46961, 84409, 80190, 79131, 72459, 11369, 76359, 22108, 4187, 66014, 53999, 13098, 49922, 52277, 85060, 26750, 83427, 32341, 17409, 89896, 67461, 55642, 29447, 55982, 21740, 43786, 58891, 68815, 37291, 5033, 70805, 104, 28080, 17097, 93524, 62249, 97275, 97793, 26921, 80054, 31681, 65888, 85836, 57508, 35689, 57713, 10004, 76207, 64800, 5443, 1903, 61526, 45522, 61161, 17701, 1429, 61722, 55856, 86503, 24896, 25787, 37223, 97253, 6867, 49266, 59113, 4211, 14171, 51811, 17325, 50673, 35259, 4896, 22405, 41395, 53910, 64222, 99155, 35009, 19109, 37846, 21495, 1507, 58442, 65878, 93701, 47129, 7472, 69298, 39012, 52097, 59210, 68013, 43117, 68491, 62883, 35839, 45349, 28268, 55539, 42972, 16724, 95168, 47132, 28102, 73061, 72304, 26735, 27745, 44275, 57350, 44001, 94724, 1192, 20244, 78144, 4085, 90712, 43097, 87907, 94352, 4500, 95984, 76601, 88612, 30369, 60927, 61332, 54302, 48220, 35867, 69165, 577, 61848, 19763, 74301, 27117, 86560, 91102, 45719, 44615, 16738, 9084, 1991, 10035, 52685, 44415, 4037, 15624, 27281, 7480, 69890, 26764, 16503, 66295, 3092, 55857, 91613, 75319, 94188, 66880, 92044, 47748, 54957, 45279, 96443, 10078, 57717, 34705, 3336, 83445, 93294, 12291, 43716, 21400, 54133, 82677, 55866, 3320, 53404, 82489, 99660, 85058, 30844, 93496, 95914, 41940, 75053, 35471, 45946, 2425, 83471, 60907, 81446, 25134, 12253, 12641, 34666, 98359, 15397, 2676, 51877, 50844, 93819, 93170, 23695, 62640, 23316, 59707, 27404, 43960, 36805, 77390, 78538, 87659, 41307, 41628, 94059, 88176, 73404, 58632, 33276, 55953, 32895, 97714, 56220, 17581, 20669, 98803, 93842, 79373, 72517, 66758, 74188, 8248, 54958, 38817, 65729, 7245, 25107, 65311, 12257, 54067, 51530, 9768, 86584, 23472, 50582, 32711, 1262, 20015, 19090, 36554, 95264, 43743, 31379, 3135, 43311, 18151, 51679, 96969, 19586, 20589, 27281, 53004, 40585, 16205, 47594, 48541, 88333, 26974, 40940, 33102, 9431, 82528, 31683, 56567, 35981, 33779, 45004, 64933, 14349, 81816, 88221, 11066, 11673, 62973, 74009, 15803, 18686, 20508, 38567, 78230, 31059, 40711, 6760, 30075, 13773, 98166, 34850, 94586, 64322, 30190, 89332, 22495, 66219, 57749, 69014, 2313, 48610, 4310, 4185, 46324, 76277, 10597, 15653, 96293, 49530, 64841, 74192, 72120, 15373, 8735, 1957, 19199, 12874, 75169, 62392, 73256, 37945, 84172, 51090, 99563, 85603, 65290, 32490, 35477, 6128, 6676, 54420, 52738, 92108, 99552, 31071, 56695, 81080, 6119, 19155, 90808, 90717, 20782, 5288, 75062, 44677, 40587, 21019, 38225, 36709, 37137, 60812, 15421, 4129, 48003, 39226, 92476, 95759, 53982, 71954, 15926, 11714, 4779, 22287, 5113, 69617, 81223, 2619, 77595, 66561, 59380, 4964, 48628, 66725, 90105, 53976, 27748, 48748, 96286, 46562, 15641, 91815, 31233, 66910, 52263, 73539, 67733, 98643, 59145, 91945, 30278, 73664, 61458, 83323, 97695, 97727, 88865, 32951, 68358, 5316, 49676, 42599, 28233, 17610, 99210, 48095, 44381, 41483, 78444, 79687, 86025, 56776, 64410, 96801, 51185, 38962, 69704, 29149, 97835, 24968, 15470, 71555, 37904, 64480, 97474, 97545, 91805, 54363, 66768, 24581, 53274, 59008, 23537, 26402, 73150, 23293, 80715, 74275, 3575, 31881, 13610, 70178, 85663, 6634, 19505, 99899, 90378, 83504, 24456, 66523, 4387, 35102, 96500, 93405, 3450, 82946, 91488, 97315, 78363, 22176, 66363, 51147, 10616, 38577, 35164, 22711, 98460, 45507, 11211, 72902, 28613, 27337, 42222, 12672, 62569, 92335, 15344, 8666, 68856, 27264, 94159, 75397, 90907, 99691, 12292, 32733, 99258, 3752, 42264, 46130, 24079, 7218, 82626, 82646, 70263, 99604, 54196, 78698, 78666, 90896, 29601, 55294, 29194, 75524, 49518, 20115, 9798, 55050, 48238, 98943, 37140, 60107, 26806, 75239, 20687, 21405, 4644, 7198, 28374, 29693, 65490, 31732, 70918, 75292, 95858, 77394, 34563, 92815, 48677, 95153, 79274, 2176, 94666, 33768, 99598, 33739, 54358, 75902, 37712, 3079, 42081, 4579, 30364, 4465, 98001, 18461, 58558, 70015, 95079, 33464, 96948, 11220, 15378, 33237, 6857, 16312, 88664, 31346, 70469, 828, 51299, 71162, 46607, 46486, 27671, 32361, 28434, 80552, 86630, 67423, 68571, 69193, 41727, 19987, 33264, 18710, 12429, 54443, 3350, 70408, 48346, 53196, 7869, 45269, 49008, 92574, 66652, 68502, 51853, 62714, 13671, 70419, 30536, 72518, 50390, 44177, 95087, 27466, 16115, 99153, 59624, 88215, 6890, 22989, 97276, 4268, 47282, 19390, 56766, 42701, 41274, 51292, 44719, 37334, 81143, 71140, 74439, 40289, 25927, 24428, 3894, 62211, 33773, 83247, 86, 11737, 80270, 55553, 33497, 56833, 7905, 35848, 73362, 11108, 43457, 49828, 27104, 65680, 77119, 89604, 17328, 76062, 15103, 78304, 83365, 84254, 45316, 95448, 31631, 66904, 96135, 25267, 90534, 13105, 14031, 44372, 47389, 77808, 95410, 60525, 99232, 17789, 35527, 1889, 94480, 28853, 22118, 26205, 59139, 5767, 2646, 60967, 19793, 27430, 27067, 46741, 46349, 63048, 91236, 56532, 54710, 16065, 36020, 86792, 71065, 26406, 54215, 49679, 7346, 66348, 36892, 40627, 1637, 74064, 1907, 76837, 7421, 6685, 16118, 72579, 42723, 46019, 98203, 47428, 22167, 38077, 79066, 47256, 39704, 95727, 8307, 40950, 83016, 87492, 52316, 40361, 9049, 17010, 38041, 25047, 16366, 65877, 53905, 77505, 32872, 31816, 18312, 28250, 85615, 58619, 76965, 31410, 13330, 61992, 51226, 64324, 32547, 42239, 25426, 21389, 60275, 69493, 22861, 220, 73808, 50311, 81005, 95819, 59665, 83466, 25675, 17565, 40761, 99892, 57692, 31583, 70558, 13319, 82379, 69040, 91897, 51265, 54344, 99452, 53472, 14090, 63329, 90853, 37152, 51696, 72266, 90570, 28895, 63815, 12577, 50632, 87135, 67588, 66287, 29910, 17865, 21479, 96776, 13683, 55703, 73902, 44514, 25017, 90480, 91127, 67438, 26346, 53635, 59895, 75871, 67495, 59068, 13991, 27628, 45792, 25510, 76786, 25254, 7068, 77635, 86319, 68015, 77814, 41975, 68200, 32811, 89585, 54331, 63902, 2739, 16656, 57089, 77834, 84882, 41591, 29210, 13300, 12716, 14395, 18298, 49032, 7884, 57670, 99600, 63534, 86552, 33525, 56492, 99080, 88107, 83326, 25537, 42708, 47304, 96212, 38846, 27328, 68294, 55152, 61064, 77179, 98891, 56007, 34573, 51790, 81484, 36524, 87325, 37625, 30573, 98013, 27445, 93133, 32688, 66641, 12441, 33221, 51012, 45662, 93968, 39107, 92836, 16128, 30572, 90219, 90049, 17030, 71552, 76615, 42705, 43594, 77045, 96950, 25617, 86734, 56009, 81944, 5909, 54028, 25662, 75634, 30910, 60741, 92674, 60896, 55128, 29453, 57116, 22758, 9389, 19699, 62398, 31573, 27174, 62253, 52514, 77903, 20562, 96982, 841, 94032, 76668, 29328, 64234, 33008, 83205, 57594, 30298, 91525, 82655, 51910, 2005, 38143, 1707, 24561, 17929, 47999, 78062, 93936, 12259, 2794, 59044, 40735, 94985, 51494, 58297, 75163, 69639, 60987, 88819, 12262, 53624, 4310, 92516, 59668, 66051, 62669, 64900, 23478, 16722, 92216, 96277, 9583, 22558, 58257, 74591, 27183, 73453, 60979, 6248, 57705, 54637, 41294, 12076, 15589, 59421, 12427, 69957, 46559, 60449, 72813, 82480, 93719, 62980, 22439, 85931, 41005, 17732, 60014, 53426, 42218, 3240, 64324, 1074, 3852, 39027, 27857, 56059, 34092, 50650, 95875, 28594, 87003, 72463, 99247, 97677, 27598, 61786, 73337, 2820, 35495, 91346, 96897, 7908, 47501, 34410, 37554, 83593, 25535, 96730, 81230, 73976, 94546, 66594, 76130, 88648, 34918, 36191, 34742, 21469, 96768, 2953, 66659, 29291, 87098, 85898, 41551, 13873, 9461, 79656, 16580, 30933, 39365, 66416, 98811, 93208, 68947, 36048, 3488, 58424, 8871, 81404, 23828, 98590, 82209, 32289, 62423, 97245, 61532, 38964, 23654, 95588, 81803, 81044, 77172, 10825, 42033, 86678, 40237, 62336, 28055, 22826, 7871, 99985, 52246, 84463, 81644, 15143, 50807, 80495, 86257, 91254, 96926, 59250, 13742, 91383, 88912, 53689, 6370, 85322, 14107, 9043, 63667, 85108, 66376, 4359, 70972, 54963, 71956, 99203, 94187, 32655, 96824, 75256, 53316, 12364, 48436, 46563, 52166, 49666, 44585, 73205, 19102, 19540, 85891, 35684, 69958, 19543, 91686, 96380, 77021, 6379, 58765, 25191, 99641, 41009, 18613, 93034, 13853, 12476, 778, 12572, 63671, 28275, 19733, 25492, 16287, 33098, 57653, 69278, 77025, 85983, 32481, 95136, 49697, 2689, 54168, 69340, 63943, 24775, 26354, 85782, 29859, 3576, 98887, 24232, 56488, 23228, 63742, 98038, 37587, 15766, 13124, 86897, 21782, 74857, 22567, 48991, 90479, 36643, 54294, 25507, 441, 49483, 93711, 88671, 18596, 11295, 35145, 67618, 59436, 24190, 99273, 68227, 15012, 35531, 77721, 36244, 92033, 28852, 3976, 62724, 89585, 15957, 35524, 99480, 59668, 59840, 66778, 30393, 57986, 96683, 31605, 62893, 62431, 27984, 98990, 36146, 91539, 31780, 94916, 72778, 61471, 1542, 69828, 98453, 73862, 2551, 27870, 11917, 83022, 34348, 12570, 93527, 87573, 60728, 54569, 97524, 94578, 68499, 20953, 96134, 71008, 37727, 70851, 39491, 41593, 62655, 71713, 77999, 61849, 31539, 78821, 79163, 45839, 70042, 48155, 91079, 32647, 20066, 30509, 12788, 71568, 2319, 62901, 83715, 72419, 56800, 18644, 88882, 53556, 12589, 20413, 15420, 87733, 28126, 65326, 54059, 29053, 37645, 48091, 97868, 34938, 26560, 42450, 53926, 16059, 17532, 17246, 74922, 91121, 27651, 29206, 155, 15575, 63726, 89767, 83771, 87136, 44859, 87679, 66551, 34551, 38402, 95954, 92594, 81630, 24186, 21973, 86917, 30978, 74046, 34987, 6535, 93902, 36195, 46310, 75429, 74800, 4578, 38785, 51497, 12234, 36647, 79785, 20457, 26521, 11847, 36457, 87955, 39072, 38346, 17719, 98031, 93636, 70784, 25204, 8754, 5178, 80605, 98627, 11572, 13821, 58934, 35502, 96265, 55695, 42846, 74632, 58510, 75636, 18945, 9100, 678, 61779, 93952, 2152, 48383, 35396, 42560, 81835, 99197, 48529, 3665, 72472, 27307, 19839, 25853, 49406, 18146, 51587, 95888, 4076, 35883, 79815, 90891, 82947, 91170, 63546, 48814, 64805, 89992, 85776, 14444, 6730, 37724, 1063, 7285, 85382, 41517, 42947, 99466, 56492, 33092, 74414, 41933, 75926, 74273, 50750, 29276, 30359, 95885, 53284, 80034, 26755, 36141, 59804, 15642, 16071, 92611, 43428, 19109, 91575, 42465, 51448, 44646, 21653, 55473, 37936, 95400, 19572, 39192, 3918, 93773, 23978, 13705, 58905, 37393, 37308, 18648, 37631, 2020, 67856, 98349, 4008, 68116, 63312, 41227, 78846, 92743, 17416, 96010, 13730, 36870, 84301, 66482, 6421, 77923, 50688, 64137, 96362, 75339, 57234, 3728, 69136, 24926, 12230, 71423, 66852, 90274, 56486, 31824, 91527, 22131, 71908, 50497, 64470, 98584, 3231, 66784, 94994, 75262, 75603, 13502, 68988, 10896, 91319, 19486, 67555, 83101, 62078, 52545, 28764, 73856, 70694, 24343, 38640, 67289, 16271, 66167, 74236, 71527, 70887, 97857, 33256, 7619, 13925, 77894, 33736, 81252, 35370, 15121, 94681, 97330, 88707, 54874, 66579, 88442, 8201, 11349, 65854, 71946, 60645, 14507, 71055, 9596, 79377, 47415, 38980, 18960, 47542, 94354, 96076, 47051, 68649, 58054, 71978, 75150, 27259, 22472, 35145, 95833, 59623, 98814, 71363, 49763, 64074, 61204, 77363, 81919, 42147, 85802, 90713, 86475, 74397, 12277, 48075, 78609, 30269, 31852, 19363, 47412, 54536, 1546, 40988, 59747, 94896, 69804, 58497, 4525, 24362, 51388, 80681, 20303, 49111, 77879, 42394, 38485, 52879, 4823, 65633, 77195, 40377, 93959, 25424, 91787, 30081, 2977, 52357, 45563, 86822, 71046, 87104, 90063, 80015, 20460, 43162, 1153, 4622, 4501, 15087, 49995, 10745, 9537, 55084, 58150, 34773, 21789, 74703, 61152, 76864, 53781, 27957, 42187, 26268, 56025, 77849, 57833, 95489, 29111, 22465, 41008, 19458, 66892, 93004, 2609, 76917, 4913, 38264, 38037, 50280, 73629, 69935, 60807, 32362, 86103, 50187, 63963, 39235, 88863, 71834, 81475, 29811, 61085, 61777, 3002, 64166, 2847, 44390, 75547, 42503, 20564, 14186, 30950, 32958, 86303, 58742, 56208, 80798, 99367, 57162, 37623, 74253, 20470, 71248, 38570, 16283, 65948, 9842, 72581, 10425, 98449, 53592, 4987, 3031, 99908, 38870, 52549, 34858, 83797, 97757, 95756, 27970, 5906, 93721, 11764, 37835, 88820, 75105, 49740, 67540, 5660, 5073, 4251, 74473, 44110, 5617, 30307, 17907, 79530, 10991, 11314, 50136, 9385, 24616, 96315, 6032, 60170, 56867, 57871, 871, 84539, 58249, 22916, 34596, 72354, 42792, 8445, 95092, 8259, 44491, 36956, 8564, 15674, 40638, 89910, 40598, 51437, 6019, 21705, 54426, 1613, 27453, 70838, 93469, 23236, 54888, 36077, 52086, 51972, 48620, 53046, 84268, 450, 74177, 8901, 91153, 14609, 47756, 36391, 83096, 74920, 20503, 30597, 63765, 59656, 77337, 31381, 67646, 9720, 63953, 17797, 33335, 33525, 87600, 6280, 26026, 13520, 78373, 86147, 72055, 43517, 54858, 23465, 75655, 4956, 23590, 54852, 41602, 16115, 79355, 36962, 60882, 6918, 79828, 68066, 73795, 39147, 93834, 28703, 61813, 4986, 67529, 83575, 598, 87810, 27293, 98599, 43458, 64019, 32205, 60139, 94546, 9339, 598, 33430, 15791, 6650, 48224, 2969, 59954, 15038, 22624, 43374, 23977, 94054, 96285, 70395, 84534, 46331, 22601, 66162, 15002, 92420, 45890, 57618, 23011, 87081, 28647, 5380, 1658, 92671, 64072, 47355, 27487, 21893, 18859, 9359, 9308, 45859, 92231, 5353, 95429, 43974, 58061, 37347, 7095, 49642, 77922, 45613, 91325, 41613, 42541, 30573, 55299, 30278, 41807, 69539, 56853, 56625, 88174, 94408, 47286, 27375, 98628, 27743, 43008, 10586, 55091, 11053, 75983, 35192, 86004, 48043, 25188, 80879, 1631, 27218, 80494, 54221, 92024, 56565, 13473, 76595, 6255, 78797, 5727, 33663, 35705, 67359, 97452, 45814, 25802, 12130, 73236, 72671, 1898, 9381, 57844, 49169, 2688, 82968, 91347, 96321, 70046, 40872, 19798, 33491, 11344, 87464, 97206, 35300, 92689, 78375, 43465, 77506, 58223, 52232, 47351, 79599, 36600, 15287, 8854, 33715, 6111, 65774, 7264, 84165, 82624, 14817, 4225, 66108, 43651, 90377, 48043, 29706, 44384, 13870, 85510, 36857, 60905, 94603, 29018, 9412, 64429, 74204, 48145, 52230, 65483, 63031, 72574, 69547, 18927, 82896, 44917, 53011, 82411, 41533, 48980, 61364, 78779, 89692, 82922, 81677, 92332, 99314, 68656, 55442, 13851, 24648, 98840, 2197, 18132, 50633, 17881, 91883, 15331, 73977, 42206, 71957, 85430, 49523, 99454, 97780, 13954, 44740, 91266, 87547, 90058, 32953, 6665, 86639, 56992, 13871, 45126, 92572, 20961, 39806, 71995, 5986, 44376, 24071, 10646, 59524, 75234, 37745, 96187, 27370, 21771, 35370, 64113, 20866, 41369, 93783, 69461, 25819, 6360, 77544, 55816, 70287, 78330, 23447, 68674, 49961, 45920, 14030, 17737, 82283, 22167, 83587, 66836, 27262, 17979, 35395, 70436, 32233, 73548, 56786, 9026, 49783, 44870, 96997, 59608, 30479, 91931, 12152, 11051, 3601, 67313, 45681, 17860, 10031, 98241, 86775, 13852, 48661, 96129, 9781, 46817, 60585, 3554, 439, 21484, 76205, 55020, 10452, 82125, 30064, 4877, 24803, 75932, 3056, 4358, 57305, 10645, 62655, 63180, 35692, 63319, 1371, 21550, 30422, 94249, 97394, 14570, 5890, 64705, 4520, 95890, 76694, 82911, 24376, 19000, 57845, 64740, 13779, 93279, 52019, 89695, 52124, 28972, 90597, 38131, 84337, 10965, 1977, 21388, 72125, 41139, 38479, 40335, 97682, 44015, 17601, 77268, 90468, 93068, 22142, 15332, 92693, 13536, 15471, 43577, 20319, 23320, 96524, 9660, 23709, 66564, 41929, 86179, 70925, 23159, 73206, 13629, 39782, 30971, 80394, 8930, 18093, 88655, 90761, 61814, 27355, 90235, 63039, 2056, 23194, 24207, 72596, 95251, 8440, 67370, 59835, 87450, 59862, 49864, 65704, 84492, 22639, 6064, 38369, 35178, 69177, 3675, 60755, 93808, 88340, 66079, 87208, 9938, 87635, 82260, 55906, 98365, 16556, 60507, 77278, 43959, 49548, 34259, 11252, 87254, 59433, 69182, 18726, 94732, 84782, 18299, 21596, 88651, 81188, 47693, 55202, 77688, 8651, 51883, 12736, 17373, 36116, 20429, 48727, 26164, 18671, 83411, 26169, 85460, 41589, 44618, 72352, 94184, 66492, 72610, 21693, 89789, 75613, 41689, 44642, 20044, 30459, 31629, 18015, 2280, 90572, 96326, 28285, 75743, 76098, 70724, 51770, 94818, 75218, 44462, 86742, 29023, 92383, 44955, 69306, 61658, 65432, 78883, 54446, 75594, 63903, 16958, 6910, 60994, 74312, 206, 30841, 47196, 82021, 53401, 82325, 98642, 61606, 34710, 42089, 33855, 32526, 96398, 53766, 98845, 83923, 28404, 67160, 34336, 52579, 8120, 90177, 30804, 89658, 96512, 80781, 27147, 38679, 20955, 51103, 47658, 68032, 87815, 94022, 38874, 83626, 30034, 78220, 6118, 28694, 58528, 92377, 95700, 14164, 33319, 21153, 36225, 86059, 60298, 36920, 56220, 81594, 96330, 44159, 79577, 26317, 73072, 24072, 31709, 28244, 13480, 36258, 37440, 62402, 67636, 71384, 45085, 56618, 42199, 1007, 16817, 54580, 25346, 77939, 13449, 27296, 73843, 7036, 41896, 1682, 74256, 71407, 90308, 70038, 33773, 54738, 1261, 82035, 43004, 97651, 31475, 85214, 47871, 35058, 77432, 9106, 26099, 10197, 1940, 23307, 38649, 16427, 2508, 41072, 19122, 8605, 84412, 79508, 71450, 26744, 30605, 28497, 13999, 30393, 91557, 82142, 75003, 43970, 68768, 35615, 74327, 78561, 37517, 33228, 79512, 76824, 11462, 68794, 72741, 29345, 37797, 95073, 74528, 15045, 40555, 69879, 97711, 79017, 69446, 81105, 50009, 37364, 35081, 3623, 72360, 9211, 62671, 26185, 98458, 69968, 32, 25194, 61817, 60321, 21938, 54079, 54120, 98636, 5032, 82472, 20877, 43968, 98759, 50196, 84415, 34093, 52268, 64644, 98790, 35450, 12982, 7852, 50664, 11290, 63869, 32842, 2099, 32183, 5085, 2519, 32346, 39716, 16676, 1679, 40109, 62010, 54438, 81178, 15250, 92923, 96708, 73980, 70129, 46323, 71871, 62348, 68875, 75677, 57453, 83785, 93951, 14560, 1564, 34767, 23862, 17626, 6947, 18824, 62203, 21074, 14256, 33427, 78498, 76798, 32096, 97793, 38819, 82128, 31781, 48021, 95764, 20282, 48804, 66058, 41930, 46967, 73849, 15897, 49260, 45422, 35278, 85903, 59320, 33711, 51319, 93561, 13656, 87146, 19352, 35786, 56711, 82298, 75669, 20892, 56635, 13975, 93437, 88095, 13744, 25115, 12559, 11119, 3877, 21476, 62292, 49516, 85036, 71464, 74438, 31691, 44347, 99157, 44984, 16873, 10206, 56415, 40156, 21529, 45183, 65323, 73928, 89610, 84775, 91412, 3724, 98584, 17936, 5932, 53354, 48676, 77550, 17060, 59115, 5166, 52008, 37721, 4108, 5811, 81866, 2205, 45699, 54906, 79021, 40644, 77910, 75660, 88951, 96540, 69127, 61122, 55738, 68910, 32490, 76621, 94504, 40505, 44128, 18990, 57502, 22289, 67517, 86459, 68125, 99498, 35616, 84376, 51685, 99082, 65405, 36263, 28773, 47540, 11254, 1674, 50978, 37877, 48968, 40472, 52021, 4932, 60077, 94695, 61501, 82973, 79186, 80385, 61383, 9115, 65711, 68571, 66665, 50602, 69520, 32349, 23092, 18594, 21897, 49131, 13868, 3713, 44245, 1424, 42677, 3010, 52958, 59048, 37770, 11461, 80881, 42589, 72176, 91525, 61405, 24606, 29975, 65964, 54863, 48387, 87267, 89007, 98993, 61091, 50640, 99704, 55982, 22640, 90577, 59908, 52032, 1358, 77916, 2500, 30555, 8010, 49903, 23443, 23992, 84507, 820, 33504, 686, 42713, 68289, 54714, 22075, 49125, 30018, 34898, 54048, 35840, 65232, 61320, 48931, 54279, 18620, 22998, 77905, 13938, 53263, 73076, 31181, 1931, 64384, 86523, 5179, 63473, 78473, 36171, 89251, 4011, 63372, 40026, 77960, 14939, 5778, 47877, 93684, 32955, 85918, 8174, 99437, 79234, 41049, 84878, 62106, 76131, 66837, 26771, 71185, 13373, 31726, 97919, 29769, 26490, 88282, 19582, 21408, 76765, 53174, 63006, 18414, 36873, 24579, 71389, 91057, 47687, 25118, 11637, 67427, 55796, 82246, 92398, 58450, 67304, 51312, 13681, 37311, 9999, 34915, 12079, 2234, 49922, 46571, 49719, 10445, 40212, 85632, 37622, 39421, 85792, 68455, 61148, 70268, 22314, 92561, 22274, 99818, 34377, 90599, 96971, 82084, 95651, 18252, 82957, 71299, 14575, 1229, 53353, 50699, 52350, 72806, 77102, 92432, 19373, 26938, 27648, 75706, 34307, 39275, 40790, 24534, 85866, 72782, 85714, 76071, 38304, 40507, 60105, 4213, 60441, 34926, 64135, 8983, 20146, 81031, 35137, 99321, 44606, 12796, 66522, 9732, 19467, 30301, 74171, 71948, 65660, 85396, 20943, 75529, 92880, 30431, 34998, 85192, 37199, 15114, 68795, 91486, 28593, 50981, 15702, 23917, 20423, 64986, 3922, 14337, 76964, 93752, 21405, 24968, 17280, 73151, 6723, 11779, 5074, 74351, 5014, 2715, 36114, 9994, 6987, 99372, 46133, 79820, 78807, 75016, 39846, 87173, 17856, 35795, 71363, 1602, 56940, 25629, 5587, 7649, 3823, 98756, 47428, 21729, 29677, 54863, 69375, 44748, 69021, 2141, 84492, 47763, 10809, 10303, 21007, 52196, 93028, 56396, 93038, 6190, 34722, 24889, 25611, 58094, 72743, 97310, 43568, 57144, 70081, 19866, 47118, 58271, 56351, 18303, 83912, 21264, 44970, 73625, 2802, 47129, 34390, 28359, 84770, 53307, 54038, 7328, 83306, 20024, 33198, 98998, 96875, 15972, 36343, 23769, 73718, 96550, 86865, 30192, 78222, 79342, 27448, 1304, 42423, 47823, 25657, 91161, 55736, 91989, 13897, 81052, 56333, 62508, 38827, 50391, 50366, 25102, 27822, 79345, 59054, 90977, 14583, 82909, 95377, 93319, 30792, 93518, 26775, 64075, 2022, 98567, 55738, 92188, 66312, 26506, 9595, 2874, 15189, 23614, 5727, 91282, 63142, 39734, 12273, 20273, 20844, 38359, 79505, 84102, 47526, 22083, 16088, 15122, 6162, 32293, 28115, 14574, 47962, 21049, 34664, 7752, 66212, 61343, 28336, 84152, 34592, 11392, 23980, 75534, 4872, 17814, 35812, 52197, 49981, 11893, 48392, 86522, 57719, 919, 44394, 30304, 91972, 73738, 79025, 2738, 31306, 47253, 24205, 75294, 57182, 59302, 75890, 44005, 3215, 33151, 5460, 4446, 7773, 64450, 87046, 18952, 34838, 46401, 58582, 30220, 8139, 16127, 97782, 52360, 62958, 42257, 35700, 90942, 18846, 27520, 2978, 16821, 90448, 79899, 78897, 76835, 35283, 3966, 34157, 99851, 15983, 71026, 95581, 1175, 28892, 67990, 33311, 6467, 1663, 76674, 23318, 19010, 74442, 21048, 50600, 87113, 94239, 68356, 63755, 68291, 24543, 76108, 95576, 75257, 33504, 73557, 98490, 39159, 58387, 45716, 96960, 75220, 86967, 48788, 37004, 34962, 43280, 99564, 84289, 46814, 72248, 32703, 85430, 87336, 39564, 812, 56535, 63108, 24267, 87083, 61970, 4082, 81839, 45467, 1615, 94287, 38949, 11000, 33084, 28601, 23991, 28152, 87580, 59259, 9942, 29630, 2330, 42388, 11978, 20014, 44552, 51117, 89219, 13202, 3771, 47232, 45745, 72942, 21968, 73808, 13396, 38701, 76134, 66328, 51811, 86002, 46572, 51734, 21525, 79414, 80683, 87847, 42189, 95297, 12286, 64296, 66545, 40125, 63891, 84574, 27600, 84132, 61441, 3324, 26756, 55625, 59206, 40446, 85073, 88954, 98204, 3821, 61861, 66751, 57886, 58757, 960, 28174, 29207, 58618, 66912, 9529, 71151, 49197, 17977, 9694, 79904, 36504, 77883, 3020, 38993, 77369, 66426, 28665, 80780, 7102, 39080, 59295, 61521, 33695, 48648, 49659, 85733, 46047, 46801, 66334, 41330, 98648, 7347, 14191, 81503, 51979, 9074, 65167, 44341, 82835, 79246, 80837, 66570, 49941, 10406, 34990, 19034, 21583, 13467, 46123, 75834, 1622, 81183, 10189, 48332, 2762, 34160, 62592, 7658, 28958, 61768, 26, 96586, 61197, 85765, 54025, 55274, 39042, 16716, 61567, 15946, 45349, 59477, 4474, 83069, 70279, 5127, 58985, 66004, 44196, 42346, 1009, 33647, 72859, 77712, 66428, 96679, 1599, 84329, 72828, 52539, 2498, 90435, 73409, 30071, 84000, 86457, 34314, 8293, 44670, 99258, 65745, 6921, 76733, 96574, 28741, 41294, 93565, 92015, 18210, 48760, 67009, 1538, 5120, 5427, 99440, 25531, 43123, 51413, 45768, 28132, 91261, 13134, 74311, 37151, 36444, 37892, 18675, 95985, 3294, 76684, 85258, 87818, 3270, 59462, 19032, 54423, 25655, 20430, 18844, 3639, 78203, 16938, 53398, 29934, 61960, 90771, 28837, 16469, 22537, 14922, 98812, 60482, 42590, 56649, 30875, 91507, 88856, 72998, 82320, 99999, 45597, 69252, 39994, 29662, 37546, 69596, 76528, 7530, 50083, 79067, 13938, 49025, 70384, 10030, 74412, 99515, 87222, 60712, 58591, 94585, 69435, 68264, 94389, 3409, 59953, 49631, 7745, 45999, 22539, 18452, 24026, 92343, 37787, 46853, 62300, 59779, 89432, 39076, 35936, 2580, 45760, 33514, 44032, 78770, 77462, 1163, 84736, 68236, 21272, 81494, 93398, 33145, 59298, 82134, 89949, 57525, 65312, 6564, 81952, 38781, 42222, 85306, 28749, 67230, 35640, 10180, 56281, 23755, 28361, 52437, 92984, 51178, 5654, 33372, 94580, 18225, 89651, 6015, 87912, 24628, 51630, 37276, 76432, 8989, 16405, 5795, 21329, 64305, 37590, 92889, 13854, 52475, 83059, 37641, 87065, 93707, 22215, 43073, 86416, 77002, 29553, 82241, 26565, 72273, 34111, 21971, 57920, 56482, 48316, 29407, 39801, 6698, 16906, 60897, 60476, 92967, 23937, 10471, 10862, 49190, 36922, 79201, 82991, 14320, 8045, 78669, 73742, 81077, 37681, 30432, 28583, 69352, 92043, 14371, 49123, 63493, 83764, 20122, 83622, 95666, 25094, 43378, 2055, 11828, 11567, 72297, 14200, 62214, 55692, 17390, 16045, 3610, 65702, 87809, 13932, 31803, 52639, 47839, 17069, 39058, 20509, 74440, 40848, 88576, 26981, 30411, 8963, 23246, 94313, 75159, 4698, 42381, 2959, 4372, 65066, 83689, 5554, 17186, 70736, 67690, 98064, 54561, 10824, 93935, 67544, 74628, 51920, 99914, 74735, 94941, 86816, 74340, 76632, 39727, 94886, 53439, 95733, 92470, 72901, 63020, 12459, 55097, 44531, 87815, 43598, 73734, 2586, 70981, 64014, 44252, 26320, 58669, 88370, 54901, 97153, 10936, 19413, 4552, 83994, 69852, 75110, 95075, 20361, 46240, 16409, 76020, 64029, 57394, 23126, 58322, 15824, 50943, 29764, 78430, 66912, 60287, 18688, 74496, 76170, 43300, 27340, 2792, 79948, 8305, 82968, 15119, 71766, 23607, 39020, 93642, 60268, 80607, 60518, 60898, 86353, 4594, 49460, 12713, 69825, 1310, 10507, 51860, 24590, 82686, 41032, 88298, 98638, 3358, 73056, 44927, 33075, 9772, 87908, 19219, 65140, 53365, 12014, 59341, 19389, 47904, 52331, 7559, 23077, 80427, 99849, 99019, 92129, 21416, 47393, 97992, 61370, 62292, 21303, 92615, 91366, 86182, 30586, 46581, 9208, 99485, 48329, 73066, 53080, 99131, 44029, 51520, 61425, 79546, 14149, 88260, 79606, 19249, 2743, 98145, 1255, 55929, 95257, 48144, 60605, 55884, 17199, 52710, 35027, 34903, 59174, 8832, 13135, 50478, 38551, 81094, 86973, 7042, 89669, 62148, 20963, 50690, 7243, 78992, 24564, 71478, 43952, 20630, 74475, 8193, 22387, 53157, 91821, 4315, 48026, 35826, 82784, 68212, 56453, 25591, 97703, 42218, 99155, 20521, 76810, 68985, 75222, 73944, 46741, 84098, 69227, 43106, 43366, 82282, 24979, 80546, 88121, 19495, 84720, 51259, 87043, 38460, 84051, 84906, 78192, 1311, 80974, 52206, 60115, 90212, 71035, 43216, 45706, 92787, 39659, 46216, 10307, 12986, 48073, 73055, 51170, 66357, 37880, 14277, 3927, 51696, 83233, 47923, 38982, 83727, 27735, 11831, 91192, 7444, 97931, 20045, 89303, 74787, 79320, 57091, 84202, 8974, 39501, 62818, 80167, 54683, 6646, 13685, 70911, 32738, 75964, 25948, 63646, 72921, 8212, 79345, 42079, 56160, 70546, 3523, 80657, 23030, 10343, 96996, 47072, 51647, 57418, 65888, 24610, 99877, 46987, 7632, 77549, 26762, 81891, 41459, 14956, 94869, 98145, 45558, 44587, 39926, 68833, 10349, 90417, 74247, 75012, 77484, 40647, 8061, 21880, 26653, 76554, 47210, 90726, 81336, 86447, 83659, 8203, 10204, 69398, 90695, 3030, 20825, 26763, 94971, 1224, 14107, 24754, 828, 91380, 68950, 84006, 23216, 85741, 42817, 33789, 59318, 60068, 28242, 16212, 5308, 28525, 92428, 81379, 38017, 32545, 59221, 12915, 78516, 6038, 54495, 14427, 67679, 65261, 92873, 49324, 15350, 88235, 45244, 55936, 42523, 34931, 39865, 29077, 57361, 60910, 46443, 90239, 73979, 25817, 47875, 24686, 3974, 49644, 17829, 68970, 50125, 61563, 74367, 52259, 25275, 73463, 34477, 33688, 52919, 63511, 14148, 93187, 2248, 45113, 92822, 1757, 43351, 5704, 42301, 60103, 90021, 17948, 37057, 93812, 6475, 43798, 6716, 11595, 35940, 16394, 5890, 66758, 1044, 18999, 75554, 59009, 42016, 1091, 67955, 57543, 26865, 50039, 27338, 40740, 20214, 83277, 40643, 30544, 51609, 76960, 31363, 90168, 36628, 76137, 88785, 61600, 39015, 27115, 28667, 15906, 53901, 76048, 62771, 65370, 17760, 68901, 30595, 86101, 20671, 22652, 11554, 815, 32163, 37017, 81013, 22750, 48459, 25115, 41826, 39826, 83348, 3406, 68097, 57124, 77194, 9718, 67516, 51574, 83899, 13434, 16525, 7347, 58776, 62166, 76508, 46922, 76245, 15305, 4531, 64484, 61280, 82923, 60107, 47565, 60787, 35282, 51949, 76399, 73022, 13609, 53886, 20182, 43784, 50260, 80146, 74252, 78992, 91906, 52080, 45726, 97097, 32399, 61012, 75264, 58886, 47102, 9905, 3998, 93559, 3672, 41608, 90103, 61819, 11027, 67858, 69916, 96539, 60118, 24499, 25964, 83621, 88859, 15248, 71860, 89856, 53989, 95174, 62603, 95684, 9701, 86692, 54100, 11404, 37982, 9444, 92433, 95586, 31871, 22253, 12733, 55029, 47943, 16749, 21832, 91268, 25860, 91535, 96758, 32704, 26530, 33377, 70774, 98582, 15725, 16986, 4411, 78072, 71395, 73198, 34778, 25798, 30032, 44440, 13130, 2820, 23141, 70804, 92076, 91336, 97298, 41676, 24970, 25327, 88419, 67813, 3497, 37837, 2031, 80897, 21870, 48408, 24256, 19822, 9468, 10058, 89757, 4334, 88986, 84434, 73738, 43016, 95037, 1876, 25894, 39158, 93678, 86995, 1342, 53051, 91961, 18755, 67752, 36719, 3506, 14246, 55186, 25647, 37336, 11138, 62004, 24565, 19172, 36713, 1412, 4854, 10101, 40862, 97340, 52099, 74942, 12468, 58680, 82851, 92965, 25141, 87003, 92044, 56277, 24564, 76055, 45898, 23812, 56842, 30366, 63414, 15080, 7246, 98479, 62654, 55066, 17456, 55918, 10482, 67081, 43999, 37210, 60676, 84085, 39342, 3908, 29678, 54770, 65727, 17620, 73936, 92028, 14565, 39141, 55542, 98919, 38229, 79146, 96692, 7981, 54040, 78337, 91905, 93863, 10646, 7621, 26538, 66612, 97585, 63717, 70753, 16298, 64580, 91282, 9084, 71713, 94172, 72636, 23379, 28525, 85800, 18797, 95760, 67931, 14746, 40338, 66760, 96147, 44758, 96700, 82300, 79252, 25145, 14984, 86973, 62659, 55779, 57846, 30872, 38196, 94156, 67574, 34592, 39260, 61915, 68714, 28873, 51500, 31217, 87948, 12634, 20746, 34876, 54580, 2834, 23904, 53374, 95358, 87403, 16634, 46563, 9971, 19788, 77294, 23198, 26221, 24566, 96725, 7860, 10685, 79764, 7060, 14479, 67513, 97754, 16443, 7608, 95883, 88469, 80806, 97721, 1909, 7027, 10557, 51022, 1248, 37271, 76014, 96413, 32679, 68605, 59656, 81705, 33875, 21058, 61030, 15863, 90414, 96651, 1678, 26561, 65314, 61301, 22876, 87932, 80369, 625, 58202, 17250, 85374, 4025, 49820, 88357, 57489, 14130, 58607, 30032, 37869, 9958, 74838, 76053, 53798, 24729, 88934, 48634, 74499, 44954, 90788, 90576, 88836, 55076, 46920, 44367, 68376, 24770, 84371, 6, 94813, 82387, 34256, 75761, 57520, 21919, 85416, 28865, 29938, 61736, 96181, 73186, 63366, 40954, 31978, 31707, 55722, 69791, 7802, 45582, 20259, 80501, 90212, 60133, 37143, 40435, 13280, 73644, 33087, 59755, 4136, 86708, 26889, 78497, 7083, 5969, 23968, 94186, 71380, 63250, 17083, 97743, 70957, 41928, 29354, 30812, 93742, 25270, 40122, 30908, 13304, 79645, 41742, 84251, 55576, 60261, 86118, 31215, 22948, 58130, 5358, 22585, 14685, 28357, 17903, 66069, 97367, 57881, 96523, 79860, 99024, 90499, 38314, 63079, 72223, 53428, 80034, 98186, 29778, 3731, 87592, 41827, 63644, 34045, 22858, 912, 57412, 44726, 90629, 37515, 89904, 28629, 94510, 7660, 58933, 71418, 10410, 85408, 61879, 20459, 63269, 62965, 94600, 78447, 84954, 27730, 60951, 35988, 51280, 1313, 92518, 94657, 78119, 82640, 57433, 16539, 40296, 42694, 22310, 41981, 41057, 22037, 95722, 3422, 63426, 98163, 2453, 69759, 9223, 49303, 60712, 88176, 28998, 82315, 46557, 12191, 73567, 72019, 72516, 64656, 84140, 24201, 42391, 46231, 61237, 81520, 30490, 95901, 58984, 84457, 70735, 51987, 89317, 54137, 20220, 50727, 48326, 67988, 82145, 99970, 57846, 13420, 55003, 8907, 9427, 11772, 87537, 99121, 43787, 28403, 50052, 82656, 65478, 28548, 77722, 63469, 90215, 53378, 82717, 53783, 30750, 20028, 16902, 4596, 13204, 25122, 33173, 73398, 97284, 94405, 57483, 21135, 85681, 72373, 72363, 37410, 84157, 40378, 20197, 89157, 64777, 82927, 10829, 31533, 10449, 47437, 25794, 39442, 9198, 60836, 53189, 16747, 11696, 11341, 46746, 55066, 21767, 42930, 11560, 53885, 63373, 5481, 72156, 36516, 45665, 30117, 80089, 32923, 20006, 11065, 97455, 74853, 88729, 21, 73608, 4531, 83000, 42000, 19930, 11233, 44934, 4169, 47559, 59916, 47181, 63256, 6250, 56889, 30275, 23531, 27291, 43822, 41319, 50389, 64879, 72907, 84950, 60318, 602, 50560, 90519, 59027, 30431, 67612, 25415, 62185, 606, 84347, 67992, 15539, 82286, 80048, 19996, 95684, 94256, 93399, 32684, 59416, 65432, 63036, 97745, 37376, 72446, 73145, 22314, 97171, 70053, 60353, 26219, 46314, 32345, 78157, 38879, 60842, 13815, 98381, 10163, 16437, 61502, 8310, 27128, 56137, 37923, 19469, 38907, 52730, 95462, 40265, 33381, 91398, 17474, 44437, 46941, 28017, 80384, 73537, 29557, 58500, 4689, 45028, 72310, 27863, 97241, 53916, 89984, 60175, 43903, 17144, 10258, 7, 78293, 10872, 73887, 29413, 91445, 15468, 8909, 60981, 18503, 60306, 55451, 92678, 79072, 87336, 76717, 44706, 7820, 84249, 71321, 10951, 68263, 74799, 47811, 45514, 62648, 67489, 99500, 78768, 6167, 98787, 9548, 65394, 13883, 70537, 51773, 66784, 2410, 79738, 2575, 31686, 23076, 79489, 5482, 26432, 99059, 21403, 69381, 77621, 70243, 35829, 93279, 21496, 35953, 50983, 49195, 60943, 94141, 23237, 5694, 43823, 19429, 7162, 69625, 10685, 9992, 74124, 68120, 75493, 32378, 93705, 59241, 3221, 96251, 65824, 24011, 64518, 40634, 92574, 82797, 24955, 54535, 62895, 10660, 60828, 38240, 6976, 76178, 35985, 93397, 84369, 81799, 85729, 99626, 15948, 23201, 85631, 45854, 93490, 68415, 38063, 3583, 53918, 7076, 68047, 41977, 23618, 42732, 62468, 42399, 16503, 60769, 68421, 98145, 34359, 57048, 44833, 73762, 9572, 246, 85132, 84176, 69450, 34597, 21239, 83230, 72988, 41235, 64016, 13067, 25489, 78644, 50046, 62537, 37713, 83812, 3500, 17055, 6290, 17158, 4823, 99713, 28951, 34597, 81570, 50117, 86103, 10939, 25094, 21839, 36120, 19649, 86693, 53266, 11554, 98752, 7967, 25935, 9360, 79151, 39855, 82984, 17366, 17804, 60995, 76438, 54094, 24221, 16623, 88570, 4902, 40701, 90102, 29832, 10031, 80280, 60702, 34364, 91588, 72972, 14459, 61976, 30796, 60349, 65079, 12358, 47467, 47352, 68096, 83463, 49816, 22536, 65968, 30790, 81903, 56969, 80583, 65724, 49889, 36519, 36980, 81016, 67877, 65211, 49179, 78916, 88856, 9712, 31363, 28208, 59912, 16289, 27440, 84526, 74415, 98785, 63100, 3683, 38739, 5606, 43724, 822, 57029, 31452, 70023, 24959, 26845, 51137, 68511, 41037, 36634, 13026, 58722, 93152, 37199, 63924, 49314, 30639, 6548, 54551, 7013, 58824, 39959, 48878, 92683, 28520, 22239, 24610, 52092, 14970, 19600, 29338, 61364, 67044, 34622, 59966, 4378, 51535, 84171, 98663, 95924, 99521, 94330, 23291, 23690, 23240, 7769, 25365, 43031, 6483, 6953, 7122, 32668, 5996, 60621, 63324, 31973, 38884, 21209, 55661, 15457, 56683, 24211, 28499, 7635, 57031, 90107, 60547, 68502, 27918, 54442, 74538, 8744, 55154, 18832, 76682, 47415, 89793, 60400, 43285, 27058, 78569, 42418, 88499, 17124, 84993, 5286, 53467, 52446, 38292, 62544, 22250, 91187, 60082, 66612, 32309, 8308, 24403, 76172, 86149, 14728, 19913, 79394, 99621, 36581, 71110, 31424, 77671, 63721, 42383, 34713, 64518, 60532, 78744, 47472, 10008, 12491, 54648, 34804, 93487, 59377, 60036, 41526, 88738, 10841, 47046, 96884, 65356, 98677, 49229, 46214, 75803, 95620, 70111, 52116, 83438, 32996, 99968, 37246, 72597, 6794, 60637, 39517, 8282, 59784, 25290, 97074, 23327, 9726, 45742, 82151, 40409, 87469, 73739, 94786, 95341, 5428, 55870, 73692, 9603, 6437, 94149, 35490, 58778, 75251, 84016, 41438, 3476, 54933, 38539, 73253, 88028, 20875, 19531, 41674, 33126, 68839, 68786, 65447, 69757, 74239, 69534, 31546, 16595, 21088, 66962, 17769, 91625, 2275, 17181, 46085, 6632, 1761, 65733, 60790, 90508, 82944, 22033, 84959, 70572, 22102, 18774, 63461, 82258, 74723, 38878, 79048, 13714, 66545, 26603, 15453, 27396, 20089, 18022, 76480, 45805, 39350, 20596, 74419, 48116, 99590, 73646, 29749, 74958, 31504, 52964, 53956, 17711, 5186, 38424, 41759, 87903, 41517, 93161, 34600, 80196, 69669, 7492, 83335, 83435, 84388, 80150, 40010, 47889, 59168, 16461, 60582, 7844, 7576, 36417, 21184, 75609, 47176, 56491, 32236, 93829, 83681, 15378, 72266, 50278, 64120, 88020, 30985, 90008, 18225, 25580, 98552, 94462, 10056, 4816, 7528, 5615, 93753, 23951, 80933, 81823, 63657, 82588, 94253, 80170, 51915, 30055, 52723, 87244, 75731, 59282, 40120, 61594, 64334, 90622, 66229, 92968, 56027, 26195, 36122, 98958, 37605, 96025, 98155, 1191, 47363, 76447, 8674, 74688, 42934, 88638, 70418, 42608, 48247, 31217, 79061, 76279, 13427, 9250, 82544, 81785, 75994, 33206, 55586, 64967, 20593, 29913, 8260, 12723, 11729, 54976, 38150]


